8.457208246943209717e-03
-2.120544502859285385e-04
1.618598859455231982e-03
-1.297096275024894104e-03
-5.040176191472660154e-03
5.973808089406140200e-03
2.100379121835004416e-04
3.013986544574279516e-04
4.875190200421462144e-03
2.734398706227876390e-03
2.508140992495654954e-03
1.116042980927053809e-03
8.462436016998775914e-03
1.829323235649930011e-03
-3.427304967675185582e-03
1.144100065637095910e-03
1.761695628898315557e-03
-3.400160209203244299e-03
-1.040569129894104022e-02
1.241809474010894306e-03
-4.741959598113123717e-03
3.320812023819703831e-03
-7.421998026952267204e-04
5.617278870123162612e-03
2.202201335270469358e-03
2.550437589372244601e-03
-1.019865569689681721e-03
-8.285586280910646906e-04
3.333453684201642935e-03
1.538365358779414903e-03
8.503366604855608357e-03
-6.415746164994116409e-06
-1.472792139516070249e-03
5.273634246441127188e-05
-1.560914271984161156e-03
1.868783383457589629e-03
5.066940638653994952e-03
6.062250559095894512e-03
5.674876974645232282e-03
4.410404805343101707e-04
-1.049279474016836730e-02
5.060103946714418922e-04
-6.362757663912076492e-03
9.630259619677027094e-04
3.102295838035227724e-03
-7.122425269246327427e-03
2.605069255664058288e-03
3.965299812543445976e-03
5.239701020215829265e-03
-3.498735589028854117e-03
6.046348217339489288e-03
3.214795826144178133e-03
4.736910230227689769e-03
-1.027433985118838839e-03
3.784894628482259743e-03
7.769772321019672093e-03
2.578895399470024219e-03
5.843370373671791934e-03
-3.627238270519523959e-03
-8.378684073926564698e-04
-2.060256305675429577e-04
-4.266427774528029973e-03
-2.638370974020883605e-03
5.589998124892267203e-03
7.972705865551669470e-04
-2.252202576237205111e-03
5.145263267406535897e-03
1.506117798404340864e-03
7.456609617743636953e-03
-3.704807612614821458e-04
4.055988060726352720e-03
2.787849819208807790e-03
3.388357056369024293e-03
3.746734439702319522e-03
1.119979818199076486e-02
-1.842590242150307905e-03
1.032509138693957175e-03
-1.951376473779695923e-03
1.943675224125536016e-03
-4.816477238283123699e-03
-5.071790552142782516e-03
1.787468563696094099e-03
-3.223951901015881336e-03
-1.581099204476187157e-03
6.400366208089969082e-03
5.253287930616040539e-04
7.047673243022815372e-03
-1.361893393271240964e-03
-8.947116083208932983e-04
-2.491970466911284411e-03
5.911821965314669608e-03
-2.410851481801029508e-03
2.783109677260022993e-03
3.213780900670906628e-03
1.497190451734466479e-03
5.112505109953689210e-03
-6.849004918185037233e-03
-2.023447271609711984e-03
1.311274096220616404e-03
8.805058287844540893e-03
4.084067563204027071e-03
1.141080426760312204e-02
-9.460626774508715600e-04
2.884840003979335151e-04
-9.084141558244554103e-04
-4.524658218470307795e-03
-1.734649991929010718e-03
-4.735792838005235686e-04
1.991207183105017306e-03
1.257245990822046956e-03
-1.635148511282719401e-03
6.868503008021841633e-03
7.231249194329988222e-03
6.933572855529470877e-03
2.830700973469373050e-03
4.017941076683587132e-03
2.543624966722363157e-03
7.721182162034784940e-03
4.996750459620341242e-03
5.636365369813379524e-03
6.811693115793531622e-03
1.978385792353945950e-03
1.669853455717254954e-03
-8.365847306810000189e-03
2.507727133672627180e-03
8.482534076058095493e-03
-1.275627195891071691e-03
-2.812468990906442229e-03
2.699328768747458022e-03
1.149571481258746669e-02
-1.707682081894513169e-03
-1.724881208123666462e-03
3.929450423160479877e-03
3.086308192237935920e-03
1.047204865936624853e-03
2.905898604202586909e-03
-1.705232148046709108e-03
-3.657036145869873699e-03
6.364024040670025750e-03
3.154233424295574580e-03
1.473295412047896137e-03
3.371025159697587335e-03
7.103889802887285686e-03
1.878696650158479583e-03
5.219427152450729565e-03
-8.107106977324638961e-04
5.437012883249032688e-03
3.567903025985269690e-05
3.530711917754939498e-03
2.247416326085929002e-03
-7.319389463835484708e-03
-3.908786126304265689e-03
4.115427914398011797e-03
1.647874609730031023e-04
5.827573968959974494e-04
5.822250845447910633e-03
6.365667695112115637e-03
3.741201247445354993e-03
4.301030307605247655e-03
-3.192823118506345377e-03
-4.511790025069806372e-03
4.468259952084764793e-03
4.316754493257993382e-03
2.845756908793036118e-03
3.603339831818055949e-03
3.792988719864843691e-03
7.481382641079304839e-04
8.396276638432069840e-04
3.084265649290242762e-03
-2.660853046273929916e-03
-3.560753745157443396e-03
1.434487170728337415e-04
6.413852874998615498e-03
7.369964665614741825e-03
-2.112125042359170712e-03
-8.484756616093514078e-04
2.462590177471045416e-03
-4.239880392070359376e-03
-4.226824681023682445e-03
2.405677566301266460e-03
-1.808988205684359824e-03
6.327109261889110256e-03
-2.890724783493314395e-03
7.273121789394466907e-03
-7.263010157010872485e-03
4.529947319611813024e-03
1.023927288008323611e-02
1.165186709234558408e-02
8.728364568207296059e-03
5.542147124289924578e-03
5.689418078126746298e-03
-4.509586155328050225e-03
7.165001649148373779e-03
-3.604731921641687897e-04
-2.770286144190585095e-03
4.247348209756680523e-03
-8.105728076074144792e-03
3.495330538881505876e-03
7.148781391106097047e-04
3.045233553225788151e-03
-8.889929194425619241e-03
6.148163377362736437e-03
4.637603573765172217e-03
-3.216755564459261195e-04
8.745721809678806561e-05
7.774574696535385167e-03
1.985951964467071867e-03
7.895545007243990471e-03
5.813776746817790868e-04
8.262570002105374799e-04
1.139711755094895487e-02
-5.031469112918865449e-03
7.464135742694903296e-05
-5.633056988492320116e-03
8.125538027958355974e-03
7.558919624119817774e-04
-2.688790262484113368e-03
2.230751094301611660e-03
8.813518518665098070e-03
-2.381443721191324123e-03
3.581561894472925882e-03
-3.672303275519922007e-03
2.938652191816989306e-03
1.017903333230024340e-02
-6.004794013066896833e-05
2.764841212632234823e-03
-2.825000651842069291e-03
1.107424130164635229e-03
2.239636994738128384e-04
-2.577909591687666500e-03
5.121951964209627310e-04
1.604850558798853440e-03
5.836015846112718904e-03
4.832225541013332329e-04
9.138680161634797064e-04
4.436057159041174522e-03
1.056549750267083386e-02
4.358632444752243151e-03
7.043179249632719116e-03
6.907159682775269871e-03
6.105736010654588819e-03
4.554548215002363412e-03
-3.491471246705010918e-03
4.985415738842555698e-03
-8.523803401362920265e-03
3.529180917176509905e-03
-4.510728756017847590e-03
1.194640281183622851e-02
6.670514916973087523e-03
6.909510034881905308e-03
-8.170743038113170015e-03
8.658094531846644709e-03
3.238212202570242559e-03
5.908389234345522156e-03
-3.355800097053757321e-03
8.805244770485592259e-03
-3.763904775366203742e-03
3.724015529370566270e-03
3.965627335154080918e-03
6.448190934016395821e-03
1.244388646825531639e-03
3.778943550053065481e-03
5.244407806698854826e-03
4.724062780283989557e-03
-1.175054482707318156e-03
3.082649990513785382e-03
-6.234165299001221631e-04
6.102160511332931428e-03
4.172052937205746048e-03
3.936839397672226883e-03
-6.168037925778293781e-03
5.244394862327628887e-03
1.165071467092063107e-03
-7.408006332484290933e-03
3.761149318591721670e-03
3.594231378448814636e-03
1.879405261423641857e-03
-3.050973558595497341e-03
6.056444868677969204e-03
-6.524046564933623678e-04
2.864367002573343490e-03
8.031864415324229539e-03
-8.907013905909721453e-04
-2.054274668409586391e-03
-1.715973884038097478e-03
5.109014546723616296e-03
5.229564312287794496e-03
1.155531310586303210e-03
4.023957199217061131e-03
3.098320196852858560e-04
6.491662173674332334e-03
2.650498176246091769e-03
7.447178683094340251e-03
-3.418293201759683812e-03
5.766777210945093698e-03
-2.145791996158255034e-03
4.370603979868360744e-03
2.924888254156625053e-04
5.692128750632884267e-03
8.079208897434551201e-03
2.579209227419280298e-03
1.296967683921498209e-03
2.958247777388336650e-03
4.572342424526773183e-03
2.136100341532188099e-03
2.203131298056989346e-03
4.062018854373936755e-04
-2.821239594267071875e-03
-4.796827754671948232e-03
-2.581240920530701415e-03
1.823643064103473623e-04
3.895532737609761192e-03
4.865640662456396232e-03
3.896292304766904840e-03
-1.205700708514853038e-02
1.487281323514507737e-03
2.547923156685663257e-03
7.652094395217402117e-03
2.025487940270710545e-03
5.035978012626174394e-03
2.218172161464226563e-03
4.083723446270989821e-03
1.895193769860730165e-03
1.536774216444054385e-03
1.437137174717850654e-03
-7.088080023917712504e-03
-5.183283523558616934e-03
-5.557800867956239760e-03
6.439000037229386086e-04
1.896137457620747499e-04
1.611015325651960189e-03
5.886980631645956016e-03
-6.023452457542823827e-04
3.930018581951594085e-03
3.953093245810986554e-03
4.847526457950850423e-03
1.405396123911779351e-02
2.024123521246022107e-03
-7.048503206927863099e-03
-7.041236531134481211e-03
-1.899117914050307528e-03
6.183443348270803962e-03
-2.629447866136182775e-03
8.558615423205628847e-04
8.862564906063886971e-03
-4.062614985002461468e-05
7.889863234970550393e-03
3.701314193552977284e-03
-4.271304885063616219e-03
9.809466622825594243e-03
-7.113490696457214039e-03
5.277312747575854668e-03
3.922973454059350837e-04
5.302237099001447240e-03
3.842172530512702380e-03
-1.998836040761152628e-03
3.436213668538709229e-03
3.614496022802305645e-03
-6.840725846483194927e-03
1.695443254278753038e-03
5.111939917924353954e-03
-2.222609728587957717e-03
-1.722243880555832498e-03
1.860566309602558997e-03
-3.536247020964724923e-03
8.784261759810063630e-03
2.804085551344453597e-03
-3.540527796135704147e-03
-5.714790842614497681e-04
4.793686346517205682e-03
3.972376213079978693e-03
2.605250569745736627e-03
1.592416080036188324e-03
3.447665996014655666e-03
4.151094470494394451e-03
-8.192773970848409026e-03
7.155349386889378258e-03
-6.132340810867843370e-03
8.785944781398206949e-03
-2.173344996433368773e-03
-9.713371932301933078e-04
1.123697444410359618e-02
-8.241373419801700101e-03
7.564964696426365771e-03
4.658510726790448392e-03
3.493156728727703046e-03
1.115121898093357662e-03
-4.703723831557381045e-03
7.396564907809898004e-03
2.596027813349000880e-03
-4.082788775958814953e-03
1.122745360760033255e-03
5.473817036183587122e-03
2.890348672223460105e-03
9.636589453888152416e-04
8.235491988428241331e-03
-6.305310960841810147e-04
2.870484602911217448e-03
-4.673497709268690961e-04
3.085351615960620682e-03
-3.281906519693312055e-03
2.860092397101986553e-03
2.409639102763791278e-03
-2.267170056262020859e-03
2.184820074927724259e-03
3.179342187738194280e-03
6.675098161500022526e-03
-2.440920824962822732e-04
3.995409545676391339e-03
-3.732387289072412913e-03
6.187098036498292486e-03
2.182885793325658498e-03
-7.337865712999674548e-04
2.659234413437546688e-04
2.034885849409173806e-03
1.057930861310540406e-02
-6.963676046747655467e-03
1.703418657527802117e-03
3.199000666828012533e-03
4.730922106153853321e-03
-2.512261399466080014e-03
5.384313869805015286e-03
4.366651938978044663e-03
-7.853984758651288544e-04
-4.150527875026555763e-03
3.502228161571267241e-03
-8.413383862654742751e-03
3.515467772311056671e-03
3.649283390809722818e-03
6.128381544797842709e-03
1.010100587965352291e-03
1.240499470991615009e-03
1.158963193012863772e-03
3.056207313851500365e-03
4.030344105237985801e-03
1.461800363177483174e-03
-2.409687865653262380e-03
3.703126786969836680e-03
2.708782852977737778e-03
-4.618490508486992364e-03
6.940998594469663906e-04
7.882826081819744451e-03
3.678200874546744444e-03
2.549616191648835899e-03
3.878120565840135689e-03
-3.984817325188155790e-03
6.600392075799033781e-03
4.583000547615685705e-03
-2.334445575889656371e-03
-8.968283640779319867e-04
3.603524005046758027e-03
-4.117294971513071888e-03
8.305964179173210438e-04
1.720797845306640955e-02
5.677255365937532855e-03
2.024159654411518232e-03
3.484770186553179036e-03
6.377154985308715156e-03
4.182174993958235470e-03
5.864307980976846656e-03
2.616371135822668365e-03
-3.902584435897487550e-03
6.878841597173713379e-03
-1.876178031937539032e-03
-5.563197615542235866e-03
1.184083833092216577e-03
-2.169505552341333653e-03
-1.024684854787016549e-04
-7.970607540897863171e-04
4.538402012737145948e-03
-6.154976179736903683e-03
-1.025328019044849034e-02
-3.135892581880241406e-03
1.537679629478736843e-03
2.314683379736713533e-03
6.482991112147696092e-03
-5.607186830403176891e-03
-7.439539007870113311e-05
2.972124537673066259e-03
-2.019664026576804133e-03
3.008882486563436293e-03
5.797796356019378284e-04
3.289693040499790696e-04
6.637964546248003965e-04
-7.318484589250686539e-03
2.066826495978187246e-03
6.871445524802047636e-03
1.197049850799426513e-03
3.072585989953190676e-03
3.325755966968126131e-04
6.717683537232197431e-03
4.678960678538721107e-03
-4.843577240126325893e-03
5.540719710897435042e-03
1.515322094393412944e-03
-5.139529578668185737e-03
3.777076728375398495e-03
-5.038390311192911947e-03
-1.751305857497425806e-03
-1.442549811829420313e-03
3.736929015480425047e-03
-3.462611005103220785e-03
2.949877366474684855e-03
7.210046522664330555e-03
-2.286780048348194293e-04
4.720180955238821238e-03
-3.064607249149073342e-03
2.328701806620809070e-03
3.564603756562326198e-03
1.024531514149453967e-02
-2.737033325249106988e-03
4.047200313697784258e-04
9.916987683941205257e-04
-2.165230953320930094e-04
-1.268275228614236180e-03
2.453481050665798358e-03
3.017145911688299447e-04
3.442659972686026165e-03
1.450795018817816178e-03
2.896524954452874088e-03
8.795078362469375272e-03
6.348347753540448850e-04
1.095487693841495219e-02
-4.605777506113756183e-04
2.362149929723139641e-03
3.237950520006231399e-04
-4.108598270469999460e-03
-1.547890535002705882e-03
2.138710580682120707e-03
6.795679213901103209e-03
-1.463826827674177778e-03
-5.436554193534603617e-04
-3.111765096503764025e-03
-2.493074435248572064e-03
-3.230830727559030240e-04
8.785786169452932878e-03
2.801923115760947269e-03
4.477715488041378962e-04
3.067722929615966827e-03
7.208218583354835535e-03
4.557564232285259663e-03
2.899255434747983595e-03
-3.747140783326064969e-03
4.464088806299337797e-03
4.126860771819074354e-03
-8.202141822662032062e-05
1.283716327659253746e-03
-2.715552530339442917e-03
1.450518098062267974e-03
-9.376593279801248050e-04
-2.036664225138060634e-03
4.941035534829002138e-03
-2.190924823060509848e-03
-1.264074421362058323e-04
-2.291193588191960378e-03
7.557235032578447573e-03
-3.419196623889955104e-03
-1.607026838963459582e-03
1.029676756740664691e-03
4.889475185323455264e-03
5.058796087027174482e-03
-6.809175657313070937e-03
3.471003089825668887e-03
7.377870126944867726e-03
3.014898287139286970e-04
-3.751563827549168374e-03
1.215015790365099602e-03
-2.942645012529843725e-03
-8.266559287288042352e-05
-1.630544230069830638e-03
-5.098650715688168161e-03
3.921918767690490970e-03
2.393341613131877953e-03
6.358315019059219931e-05
4.710563967317734670e-03
-4.504463178136921229e-03
4.055526637961570993e-03
-4.330727551746503014e-03
5.057203553312947242e-03
2.330884917919136994e-04
-4.306721223039934945e-03
8.105255711717024303e-03
4.840933700253456304e-03
3.596896310016705050e-03
3.717142097124101832e-03
2.308160312588308175e-03
5.810369215405853868e-03
3.615159909358698753e-03
1.876480013940742039e-03
-9.244871462321228167e-03
-2.482939159760577143e-04
2.986987773742235189e-03
2.133858485930239385e-04
-2.136328751568004718e-03
-4.150549168024712972e-03
4.966603001103637137e-03
-2.462537890694340217e-03
3.904291751991132396e-03
6.029338505255004907e-03
-2.919070338225310778e-03
-3.967240485894292382e-04
7.212072020772086669e-04
1.272367399581832408e-03
-1.207061940079583173e-02
-6.114708841444443585e-03
3.616576453298498816e-03
-5.099178093595776312e-03
5.171205082084753824e-03
6.931207264232181267e-03
1.816553817729480531e-03
3.824411523810720276e-03
-1.410419529798766485e-03
-6.069410599607893194e-04
6.414276902852686715e-03
1.043481318069304584e-03
-3.194484820115862413e-03
-7.022111034027869866e-04
4.311060680156492131e-03
8.598736443956214726e-03
-1.745203255588585528e-03
-3.583401992698756477e-03
1.471280150253800878e-03
2.493332095340835934e-03
5.349723530933226875e-03
4.363135548303411979e-03
5.185981478665422501e-03
-6.028568241613726196e-03
2.253219234747083199e-03
-3.823465954026956676e-03
-1.210939925944635488e-03
4.526319619745597725e-03
-1.018556686061689552e-03
-1.315146265903254386e-03
-1.414780468008122738e-03
-2.857210723433554382e-04
-4.397041277992219058e-04
1.265053208475148093e-03
-1.810805774954077222e-03
5.510748580737869461e-03
1.948717279436019446e-03
4.231080690899635156e-03
4.383726775382458876e-03
1.318715972768945508e-03
3.234259756005013545e-03
9.646764498806251892e-03
2.339771209937843190e-03
4.247867411793521814e-03
2.491963296721192572e-03
3.504980592542449990e-03
2.950837198819635659e-03
-3.841740190800420340e-03
-4.530248781896402399e-03
-5.206297753163858025e-03
-2.456964039552000413e-03
2.709837135898554659e-03
-2.245552486244266691e-03
6.548353374318994884e-03
4.350739953297159263e-03
-2.628250299242494877e-03
-2.918564160158670516e-04
-2.513958949181147040e-03
2.842135191832267059e-03
1.664708238674520238e-03
1.607590495631706137e-03
4.793948763461315242e-04
4.488227978010086126e-03
-3.185037299474008463e-03
-1.845724393860080268e-04
2.862327364006258309e-03
-1.535635744458700236e-03
-3.873861062867732866e-03
3.760317372003108439e-03
1.063822939027178269e-02
1.176917669112155333e-02
5.223560044465145463e-03
4.007741522091608222e-03
1.524884864206646137e-03
-1.309172006379461515e-04
2.670526107316585629e-03
5.422125316099601217e-03
1.279577918970055059e-03
8.188720995856369617e-03
6.486440162522612990e-03
1.720416431027973949e-03
1.000755129208232008e-02
7.939274535008176287e-03
9.573174572863617920e-03
8.971605606926738585e-03
-3.075339132714759172e-03
-6.351891826458557974e-03
-3.611008823126276093e-03
4.638387380758138452e-03
-6.657393254171077579e-03
-6.132708039086928742e-03
1.771277356361923615e-03
8.021965942160095425e-03
-2.918920739980044882e-03
-1.592598484341761333e-03
1.469927782675333611e-03
1.879171417321252868e-03
-3.055246038667764046e-04
4.724403074460264626e-03
4.398551175547929168e-03
-1.470767626950761266e-03
2.825484641260566851e-03
-9.558772568430188438e-03
4.662560162856852625e-03
-7.102812937086551599e-03
3.688313750301847049e-03
-6.444924750583290278e-03
1.133785364150400156e-03
1.992235920528420169e-03
6.851606240637251113e-03
-8.063922318788459449e-04
8.523661151675001203e-04
4.945602634764153030e-03
-7.158812372786678771e-03
1.937772598273203913e-03
6.258075962457522630e-03
5.820006448164414398e-03
-6.890760295575442708e-03
1.453606394127399419e-03
1.555327788473520210e-03
-7.380920301376383066e-03
3.537053884699785725e-03
1.091371049539646525e-03
-6.894982987448883098e-03
3.989664434133829117e-03
-1.567222027194161045e-03
1.004729722173696056e-03
2.818186622876503282e-03
3.649443793158626929e-03
4.999729462913098110e-03
2.439999113218190019e-03
-2.884827305829358764e-03
1.493808700953744815e-03
1.028396043120077819e-03
8.110670412327984852e-04
5.334176956524109420e-03
7.156789807936401147e-03
-3.252879456143207160e-03
2.993740626998610092e-03
-3.432820066848989507e-03
-5.948272888670730861e-03
7.194416165776675726e-03
-2.307620788912470317e-03
9.068789084536222483e-03
-5.425067122587206442e-03
4.272345208202986411e-03
6.026656510516632467e-03
5.883428802183121586e-03
-5.192460210809599248e-03
8.675385019393813679e-03
6.351893730037907028e-04
9.802679856898958055e-05
-3.366132701034025079e-03
-2.977506476133147655e-03
1.772060328400964406e-03
7.863962045273021825e-03
4.902620432190311212e-03
3.579530706678501345e-03
-5.863912563744647956e-03
5.210249477435915585e-03
8.861843647244366934e-03
4.085697707550578137e-03
2.270264842070243531e-03
-5.088146202224379591e-03
8.646667937422456958e-05
9.816903995305010372e-04
4.742792308937302838e-03
3.091496862977233077e-03
5.644893672992145305e-04
1.869096571064371350e-03
7.194376069641432968e-03
-4.321591683571121209e-03
8.897093052420792549e-04
-6.988001404899535102e-04
-1.218531772213634744e-03
-1.086711371560032061e-03
5.750678330086857540e-03
8.075770532792941186e-03
-4.693878808313554397e-03
-6.390982747506409115e-03
-1.335573740334463060e-03
-1.416040678543973967e-03
1.773456197005487088e-03
3.009730019493535649e-03
-3.049047166040618796e-03
6.456951377918050856e-03
-4.290117119303065232e-03
-1.325279229339082401e-03
-6.811102620932215994e-05
1.980851817134236630e-03
-2.989929425696897657e-05
2.374191498992637463e-03
3.309867422901839173e-03
5.362195053292680320e-03
4.268391504393001176e-03
-1.624011898057993279e-03
7.540001456644579957e-03
5.639417980699832841e-03
-1.314110690113344570e-03
-2.044372332887896531e-03
-7.717547797205012890e-03
2.491384767503168791e-03
2.061711623209104907e-03
-1.132984125440209726e-03
-4.989755784908481324e-04
5.439980187339989517e-03
2.117200546273479323e-04
-3.532830683966103197e-03
-2.915812688041286103e-03
-5.093433464063090547e-03
6.233698959879520459e-04
2.867838888795933277e-03
2.367920935154649818e-03
8.373118720570841417e-03
5.654325021921735236e-03
3.475516853696687669e-03
-1.184701578001714009e-03
-1.779792461749178645e-04
-1.343898035363055420e-03
1.402393221117097331e-03
3.315114233682755411e-04
-2.907443698325410633e-04
-8.369160445764148304e-03
1.373257993243748873e-03
-6.556629034087263844e-03
1.627917272347505218e-03
1.464105531647032438e-03
2.395243847074527734e-03
-2.379386466247894287e-03
-3.929878203569295465e-03
-4.729933850739354365e-03
1.900776086927116835e-03
6.108097233202965885e-04
-4.287567899238013854e-03
8.322366837883994270e-03
-5.927446759610218319e-04
9.360562339892777124e-04
-4.893829139125609184e-03
-8.408309491936327706e-03
1.431594157392534344e-03
3.406125901739701436e-03
1.493471697360365322e-03
6.754571513971054098e-03
-2.955316986762397203e-04
1.771785984715773012e-03
-4.691230488033909518e-03
-2.306840939026538490e-03
-4.911375857319693478e-03
-1.356595033741970092e-03
3.654643678074483669e-03
1.380719413982389211e-02
-1.406656837349553029e-03
4.746429432398152799e-03
1.145751651086517140e-03
2.592232654643051443e-03
-1.164282025081628171e-03
8.590679682572726142e-03
5.428701660098693774e-03
-7.132661170208252216e-03
2.087946175491199076e-03
4.055784225139360058e-03
1.721711401724664286e-03
6.051906066093990649e-03
-2.375125679588103306e-03
4.396982695776230701e-03
7.665600350523128596e-03
2.463594438791078499e-03
2.437731986763043293e-04
-6.490831413979499410e-04
5.228534391748539817e-03
-1.081304643858777437e-03
2.144890106347169777e-03
4.317803692903000867e-03
4.735174101191460573e-03
4.092647469612093608e-03
-1.408664340415002620e-03
3.493506352670924971e-03
4.457915436446985985e-03
7.650216414542182312e-03
1.845934130170805154e-03
7.919503852090000601e-03
1.007026059173109179e-03
3.042531249738973653e-03
5.585137073503328858e-03
-2.541455016328221517e-03
-4.100849544833035619e-03
6.549301052583537779e-03
-3.087753981679245644e-03
1.943418036012371179e-03
3.818833798572836107e-04
2.880707866734624756e-03
-1.649487447499908268e-03
-4.228960823037746820e-03
-1.327371366843445961e-03
-5.322254137509510076e-03
5.462904609327141024e-03
5.076633112632136791e-03
7.177217112917426770e-03
9.727965245184107485e-04
5.400119450072629439e-04
3.900423177770973374e-03
9.933732854328551284e-03
5.823234018647358012e-03
1.959041682541701884e-03
4.742126073230071466e-03
-5.413495729907199724e-04
3.002769574361636995e-03
1.015435676718087765e-02
3.281671460748871241e-03
7.377589383510748701e-03
6.550289306293330047e-03
1.059586656989675024e-02
4.704968573889420705e-03
6.517115431899120175e-03
-4.046999119812383881e-03
3.641520900602070003e-03
-1.133765003154767366e-03
2.548562839229943661e-03
4.020187273851369252e-03
2.239141319482842573e-03
-1.828095589728036003e-03
-2.076655257062909321e-03
4.221609407721849637e-03
9.232383512650904189e-04
6.805678494922512596e-04
9.636669214836509527e-04
4.555748835717619329e-03
-1.759079437932243835e-03
-8.718073713308491929e-03
-2.544066929109122313e-03
4.724660490154530129e-03
6.090890569347108367e-03
8.236604514609838917e-03
-6.419075732995402003e-03
-2.802540874953295645e-03
-3.231394276757113167e-03
-1.527464401815427635e-04
-5.740536493932066765e-04
-2.076747885691453653e-03
-2.010412438084057361e-03
5.827580270242854743e-03
4.060442223149260399e-03
-5.134416170216475617e-03
-6.075638362722649184e-03
5.963174071845650862e-03
1.817974098531497827e-03
1.326234964807402510e-03
4.829799112857512469e-03
-1.549623583706884883e-03
-7.911134474919498264e-04
-2.397876645041649175e-03
1.051119044082859423e-02
-2.173948746298829901e-06
-3.859534352340868255e-03
5.768637742109190142e-03
8.669953032959178563e-04
-9.927753134206639823e-04
-7.227042034798172084e-04
1.001788147015996149e-03
6.476789094063989394e-03
2.351674100183210898e-03
4.170329509303718520e-03
-8.677071901826384145e-04
-3.068975815435496298e-03
-9.294926820881267704e-03
6.269087016679767820e-04
-8.939745017314924694e-04
5.011670015202353452e-03
-1.118026183314007954e-04
-7.000199576171236941e-04
3.401460425845700096e-03
8.633404099060593834e-04
2.421684397902104831e-03
6.588262796446597153e-03
-9.539401060918527688e-04
-5.287823546885953713e-03
5.647764596382186253e-03
2.019532870386604034e-03
5.943202963202096935e-03
-1.882594812068157748e-03
3.366302621197914558e-04
-2.771639252518283414e-03
3.546817678173950876e-03
5.246801029461795572e-03
3.238476540288704082e-03
-5.850666385309137053e-03
2.184324651419529070e-03
-3.639792457389045459e-04
-6.751993861190255797e-03
3.370580415952789330e-03
-7.013697741042219935e-03
9.467880807351943678e-03
-5.296402351392759476e-04
-3.094049009318233876e-03
5.703766808361021221e-03
-1.154727229479406104e-03
8.558489292522604083e-04
1.354219245919453026e-03
-2.819020930924564204e-03
-2.648365294986216624e-03
1.376002284268786763e-03
-6.014554505095455125e-03
1.777343205930425945e-03
-3.007842014539683197e-04
-1.733776422897683692e-03
-6.034187771208237346e-04
7.608570115697278410e-03
6.113685594139219373e-03
6.148025272398674468e-05
6.663573215703995356e-03
6.438108073127732714e-03
4.333990246508016928e-04
1.665622622902032971e-03
-2.195962839835775664e-03
6.153111511512149648e-03
2.913229783681590794e-03
1.200375112452444805e-02
2.143314946636489145e-03
1.169087444961479198e-03
-6.898924291689312316e-03
-3.636987459584456808e-03
-2.415235813800959731e-03
4.676799589537690080e-03
-1.939211304846727435e-03
5.304182313440914884e-03
3.758954894666024105e-03
-1.233627884788916773e-03
4.317389676997941683e-03
-3.603892408454855475e-03
1.139315933740274889e-03
4.747122216782676332e-03
6.899965186893896284e-04
1.056532231427474884e-02
-3.164187693515552440e-03
2.801077386651104704e-03
6.548579286791704653e-03
5.818651379354309455e-03
4.724464031421580883e-03
1.957244237095231380e-03
-6.042026937079263615e-04
1.934348966189005552e-03
1.265254670353288449e-03
1.444417510483520396e-03
2.451350570393152776e-04
2.300070720954474485e-03
-2.196325241801823196e-03
5.739200021230237043e-03
2.976752874488387563e-03
6.103791809189799272e-03
-7.397150148825108393e-03
9.443769994113143662e-03
1.072279359846842629e-03
2.507468400555396253e-03
3.906888360964446555e-03
3.530891081490592463e-03
8.262845443224775457e-04
2.370841922754214019e-03
-1.101815674268486660e-03
2.831118830915490582e-04
4.130847286176629260e-03
-3.381739206746696945e-03
1.183238264343243994e-03
-5.667039259951159791e-04
-1.381526210421128113e-03
1.362119535642079479e-02
3.027894464439411133e-03
6.932552970321310959e-03
4.729244072938967001e-03
-2.140663223314694975e-03
5.137180096282788905e-03
-1.152609491632562971e-03
5.419218863694025105e-03
4.990604633478869234e-03
-1.977406564803861795e-03
7.101491385532152784e-03
9.740316767665380864e-04
2.587099135308674677e-03
2.504619355437036170e-03
-7.164887969473203097e-03
2.296363701270646204e-03
-1.287992214847792508e-03
-1.338501750669036667e-03
-5.898665234330386677e-03
2.019162661188591418e-03
5.734771130177528965e-03
3.087102819925434285e-04
1.756064379556375151e-03
6.898489047053371886e-04
-2.039518287833935219e-03
-1.289288373545358036e-04
7.647682868880443336e-04
1.398878674543927760e-03
4.338166677371306686e-03
-8.499498666513369965e-03
-3.656333441664161299e-03
3.260726730799342731e-03
-3.028931069008915017e-04
-5.874052545919339514e-03
7.919896139507151545e-03
-2.090053903932591675e-03
1.072708363879227439e-02
-5.308547141091870224e-03
2.198391944712904320e-03
3.848723514642298036e-03
6.168141226383217976e-03
3.088413315844597794e-03
-1.351619400567804488e-03
4.778860969233874809e-03
-9.604151213139218522e-04
-3.139652286959278434e-04
1.095027378726067370e-03
-7.816384412526806340e-04
-9.908512514564284807e-03
-3.530512442338473115e-03
4.531853478389915105e-03
6.364592177882230292e-03
6.401038258765845076e-03
-3.868364237501570823e-04
8.690469541748482157e-03
6.396565811528386047e-03
7.473153073023958148e-03
4.384919593079129353e-03
-4.185494741767320850e-03
6.645644488276696883e-03
-2.753390201762796231e-03
-2.681468260870251835e-03
3.960380326796345300e-04
1.236712310065732259e-03
-7.447132356052199413e-03
6.837652791327377376e-03
-2.083149579468413642e-03
4.857909110374006799e-05
5.628107896008202344e-04
4.952396947129502833e-03
-6.867912582434802966e-03
1.789271246930628336e-03
7.488974163020028704e-03
-2.470101060179324352e-03
1.516745427348811185e-03
6.064936641107959193e-04
3.433975455963640677e-03
-5.961947960372372332e-03
4.009577347681199215e-03
-2.547157016950750245e-03
-1.200045327745130576e-03
3.077764148124108659e-03
4.439548731592203243e-03
-8.558738446724787133e-03
5.827416879742210697e-03
-3.566356332851455726e-03
-6.099776037894204164e-04
-1.506498919971854117e-03
1.939713603144762244e-03
-3.044972831768089257e-03
3.746950983114067345e-04
8.058523427133795075e-03
6.455169206482419889e-03
2.388051248379880441e-03
-1.135213879320735517e-03
9.874244875684601991e-04
-6.563156227235766773e-04
1.588765355636789344e-03
7.380707182836320976e-03
-1.508795368342700366e-03
3.818998031080200577e-03
5.587699320633226358e-03
1.145822125443004061e-02
-1.841980301358854977e-03
4.305345517107934949e-03
3.372639185084967510e-03
1.285240095812606757e-05
2.329814913412968889e-03
5.620227661263146879e-03
-2.876552249335935681e-03
3.821454953705970270e-03
7.177840577433872854e-04
2.355057936795080988e-03
9.854752091722606550e-03
7.414857380720127691e-03
-2.722460715848916066e-03
-2.335206920634618714e-03
-5.378786604226084081e-03
4.966552379128964280e-03
1.642059605397208676e-03
-1.718280752475552552e-03
-2.372056963951890522e-03
3.221130663991304214e-03
-7.934317287136515278e-04
9.860694885661712514e-04
4.902566289365382912e-03
-1.559509415134622580e-03
4.230624037023861944e-03
1.504551775667709555e-03
3.177899755209310541e-03
-6.057388810407848823e-03
-2.352032939889472235e-03
3.008746379743917378e-03
-1.750278203872961342e-03
4.654877015378150115e-03
7.426768431501430331e-03
-3.114860370150529479e-04
5.092132329432095400e-03
1.054247241440417482e-03
-4.461234074058712841e-03
2.946172894588530797e-03
4.723414055740995585e-03
-4.755770619200796632e-05
-9.138968396002580038e-04
1.087381223086010930e-03
-1.830139439043568803e-03
9.277892564579534422e-04
-7.677697643063294492e-04
1.252188261893945765e-03
2.938429545125465815e-03
4.437175009736483988e-03
7.169829931214206399e-03
3.236803221979210523e-03
2.343078694413738491e-03
-9.073311962396329866e-03
-5.063532987207249904e-04
4.450132476344037004e-03
-3.173970844847253270e-03
2.495155746200548169e-03
6.835992405918520087e-03
-3.355766645826340801e-03
-3.253085158050164280e-03
1.009547926805280270e-03
2.768449698036610802e-03
-3.928032615421053232e-03
1.671238840842045751e-03
-4.365524077709573118e-03
7.743429212555524421e-04
6.475205142359717267e-03
7.577024791763016173e-03
3.146441942835835701e-03
3.816317545350043396e-03
6.008167733521406831e-03
6.407699230991985295e-03
2.984218491551275014e-04
-1.310402472065173634e-03
3.731331329351889568e-03
8.264712955114459974e-04
8.229515226644574383e-03
-2.450426960889392700e-03
5.341652749076076026e-03
3.400203314851863411e-03
6.313361057508462592e-04
-1.954892627792161747e-03
-1.883739090063711857e-03
1.043533951642102581e-02
-1.050402636047138112e-03
-5.732797538982595947e-03
-3.718426644562556910e-03
-2.475220864953973660e-03
-2.132781129105269270e-03
3.122060490726533046e-03
2.340620088335793395e-03
-3.694295689467601285e-03
6.883731330623245499e-03
-2.675134806858246034e-03
-4.263362454655319177e-03
-2.928691541628268471e-03
2.675231252529540818e-03
-3.045766324955231658e-04
6.861062634997249464e-03
6.142635072460702825e-03
1.626452338089733746e-03
5.480674875419970504e-03
6.327587731988959432e-04
5.271100376108022248e-03
-2.056505357790457122e-03
-4.547593744384898287e-03
1.643953699998581749e-03
2.536079630790969049e-03
5.856901542113864510e-03
-3.848929005791206230e-04
-2.729590969543572651e-03
3.694991865479460569e-03
-1.268245008140459103e-03
9.177906394860300271e-03
7.324747794886063597e-04
2.344712732383299504e-03
7.671448876386488536e-03
-9.590335913454687070e-03
-1.130527302935864639e-03
-2.509497441793099790e-03
3.268851670817796845e-03
3.762292500039834606e-03
-1.044529547659889864e-03
1.618922318505956921e-03
6.576055653163615997e-03
-6.976522023608449155e-03
1.754640724501244173e-03
3.507103082046021149e-03
-2.452754027505975928e-03
1.061079758602892021e-03
3.347788442197363774e-03
3.772574467538173000e-03
5.782715710125914789e-04
-5.280031337235981462e-03
3.323348300858087849e-03
-8.649657784386650949e-03
-1.443069283462354233e-03
-1.156294213796247618e-03
2.359509227168370138e-03
2.560762783643952961e-03
2.092457242128375333e-03
-1.698594671617507587e-03
1.032190588507173046e-02
-1.657104724493227736e-03
1.083825878675745945e-03
3.954539386743902499e-03
3.892362402679144275e-03
-5.104429385056161606e-04
5.667012105741157935e-03
6.416681585881857386e-03
3.189095251331762124e-03
6.894995465591633940e-03
6.998266586565198705e-03
7.508396003921295660e-04
1.037585034778060579e-03
2.581371016984804895e-03
2.417205205283454693e-03
1.246920651894865666e-03
-5.204416210225959807e-03
3.214524806775977475e-03
3.758901310862017373e-03
-6.290503807525821625e-03
-5.868358369713184280e-03
3.079948373823903577e-03
1.386380891791830477e-03
-8.008031980173226962e-04
4.751806125160773150e-03
-3.018920168035632741e-03
-7.824908621065841327e-03
2.496509854465458946e-04
6.304695564564664033e-03
2.315472837957957206e-03
5.472875082653233525e-03
2.004794277038144442e-03
-3.153685894149125223e-03
-2.748596468219368510e-04
4.352034214521666232e-05
5.626450268484167044e-03
5.358545356728307632e-03
7.542114137367384764e-03
8.491827320136442064e-03
6.261281050813824120e-03
2.878584496404261450e-03
-1.180216202139348219e-03
4.568403761477176522e-04
-4.276341756781069578e-03
6.379842102865315376e-03
1.699529520743063874e-03
2.297015381928094960e-03
5.009141878999387107e-03
-4.285758184954194944e-03
-4.152241244882952549e-03
1.311969833789490645e-03
9.444828050953084364e-03
-1.261886207658732481e-03
1.098452525667531401e-03
1.267868426664001125e-03
-3.299816269077647437e-03
1.271499052969358654e-03
-2.329595110173358127e-03
-8.825037080453256889e-04
3.032747919808620463e-03
2.936087202323453115e-03
5.253492487323430321e-04
4.001279570479009465e-03
-2.952654700759857996e-04
1.945066186804864832e-03
6.924874192162293156e-03
6.552246441492053704e-04
-2.407326545670806280e-03
7.774900922972611921e-03
6.683972731630785299e-03
-1.925862957431012754e-04
9.266565657670920372e-03
-2.699216769137407785e-03
2.632904494709981461e-03
-5.877785233892574533e-04
-2.141200250810438395e-04
-1.606401986967954335e-04
-6.792736358763127452e-04
5.671356331163434142e-03
-3.690788098685808191e-03
7.595378473891294113e-03
1.131161864236680803e-03
7.893962569547772687e-03
8.584681146570538515e-05
-2.533324895246638533e-03
3.943102723309695537e-03
-1.576606889474493770e-03
-6.781530953510136323e-03
-8.865266882829965500e-03
-2.510395654068481785e-04
5.353517715734837194e-03
2.870466220975784882e-03
5.312969331662760475e-03
3.297866982848088498e-03
-6.562585038866937132e-04
-5.198649599481113687e-03
4.726109799331639980e-03
4.213701580446281569e-03
7.230979814482809548e-03
-1.998728385643300893e-04
-1.324902428044367943e-03
-9.260573953253813800e-03
9.747186376200389982e-03
9.040191280659129122e-03
6.073761075982325904e-04
1.279908517468863072e-03
5.116109144802101060e-05
6.311122641500153951e-03
6.721850306796897483e-04
7.633067472569804793e-03
9.178590842470110960e-04
2.000091899077819854e-03
-3.830858166634916288e-03
-9.221123399183291038e-05
9.688773906018638285e-04
4.614288731879524243e-03
5.054861755075815361e-04
-1.460382641370675839e-03
3.954290051069461222e-03
9.589733755961796224e-03
7.448839732290151762e-03
4.317589639183475395e-03
6.517556293979013746e-03
5.200734681614375878e-04
1.886513925952114715e-03
-1.482835738134528382e-03
-1.990197630142643333e-03
-8.703928214475947301e-04
2.914116319350193874e-03
-7.307551977890019632e-03
7.818782647727586660e-03
1.294640776023117407e-03
5.586685263627941614e-03
1.424328838559607915e-03
3.171899584329499876e-03
1.264410588354855473e-02
3.469374731300196944e-03
-2.242956427322299884e-03
3.720798079162670330e-03
-2.957267010298461705e-03
2.558812261004770466e-03
-1.645563052786252643e-03
-9.018655716721547767e-04
-3.724734691055994274e-04
3.857336793428592196e-03
-2.573816827743691769e-03
-8.900616263277018325e-03
-8.086953707775193729e-04
2.539810870901803783e-03
6.092844174725570855e-03
3.126639574785763757e-03
1.410615014114500847e-03
2.177223943344225917e-03
-1.906540059967093761e-03
-1.161814762701782482e-04
-2.509414166251698781e-03
4.797182880327663726e-03
1.053194464111388562e-03
6.726275798209101556e-03
6.362323558398280329e-03
-3.693977941721452969e-04
-4.510282653672079362e-04
3.742892194066953747e-03
8.173723308935771856e-03
8.484885253099597006e-04
5.817901458565872229e-04
3.162675336149252739e-03
1.956826831177533969e-03
-1.075428302934284229e-03
-3.386958775247542186e-03
7.018997068576397075e-03
6.875247114139881703e-03
-2.441800956598593787e-03
1.223715500142130404e-03
2.598204149858432746e-03
1.968039695577377367e-03
2.929882073524349342e-03
1.185770926865158028e-03
4.904787215421793981e-03
3.310129220310432420e-03
-2.021137961561402224e-03
3.352808655496428494e-03
3.420741485230344332e-03
9.606808290840013198e-04
6.833129470587761753e-03
5.633053829461009271e-03
-6.504078216385232591e-03
4.235186462996368834e-03
2.738839511038257575e-03
-2.277653529967089453e-03
6.887966682787443479e-03
3.825504110984414771e-03
9.486269511808892441e-03
3.375081721602956469e-03
-3.174357047003427239e-03
5.912080250399683740e-03
7.399355898848112081e-03
8.993493734247722492e-04
-1.539775033621444689e-02
1.334028334541951339e-03
6.891407096231698826e-04
3.508929617933104032e-03
-3.123051714444658768e-03
-1.102008724056331625e-03
-4.847558705185103962e-03
1.996737857372957951e-03
-1.736518672926303810e-04
6.184453125424441144e-03
-3.498635234850622179e-04
-5.593930051286212035e-04
8.162542254270035644e-03
1.404278487177836390e-03
3.522376431472436578e-03
4.317428391469179880e-03
-3.154410912424736313e-03
-3.326166860407248245e-03
-3.118990904080627506e-03
-5.502768557822947451e-03
-1.881779524473344359e-02
9.174470094116857861e-04
-1.531739842005685505e-03
3.137562273850112715e-03
4.883117946415186858e-03
1.800957291791225028e-03
1.044728133463646361e-03
-9.272855443391563035e-03
-3.862914245985532569e-03
-2.254490118337087144e-03
-8.228636263186637741e-04
6.682089173154952613e-03
4.936734557629032273e-03
-6.072965114097385667e-03
1.549999629772111451e-03
1.801370063215345773e-03
1.413242379629808809e-03
-1.228863751235176728e-04
5.065695648102656878e-03
1.045338175833715987e-02
-1.229409716062492171e-03
8.908761449209823269e-03
-4.731214661324987907e-03
1.020787586738463454e-02
-2.749507380571530879e-03
-4.836894778879292987e-04
5.817159990897853052e-03
6.306299077828959876e-03
-2.147185147479314590e-03
2.039299413084069180e-03
-2.396014132328610872e-03
-2.121993496778644666e-03
5.123219597194370381e-03
2.570429680996300092e-03
1.150187093771654762e-02
2.732038052296619944e-04
2.781129499446292072e-04
4.309638145480727475e-03
-1.121160879941246642e-02
5.125697290513769530e-03
4.077042381249871422e-03
-3.849104788836238411e-03
-3.720881869086480292e-04
2.842481263700714911e-03
-2.073869965786929483e-03
-1.646705008920169334e-03
7.301119023217133089e-03
-2.483359419937428017e-04
4.877279267295580624e-03
8.517954323735837940e-03
5.404686100758998926e-03
-5.161278167378969238e-03
1.088054898134894989e-03
7.517622495976778157e-04
-9.076610420974273600e-04
3.417427957597534913e-03
4.253557430155933267e-03
-5.391353720907209133e-04
1.741279126497765478e-03
-3.741263499827506955e-03
7.364660870499147027e-03
8.023828839973374052e-03
5.679128160703376255e-03
4.588644799957667178e-03
5.727974432824405916e-04
-1.706591106422118351e-02
4.045614350022562478e-03
2.301717892307782350e-03
5.176440840278513471e-03
8.628637474678893179e-03
-1.705326559904029021e-03
3.217101792633641870e-03
9.428123954479075697e-03
2.627676940616052292e-03
-8.416243109059193001e-04
-3.878918602982978515e-03
7.510561661373803613e-03
-4.339384805336743423e-03
5.517557860546684449e-03
-1.426993238551636269e-02
2.048256191077915136e-04
-2.894683032322052478e-03
5.647693165552347509e-03
5.154310685016405200e-03
4.706753285647872695e-03
3.902711469150862804e-03
-1.641194283198869853e-03
4.451790407139325466e-03
9.012160639887786817e-03
1.388829152023145740e-02
2.106465236424559691e-03
5.319829309124017060e-03
1.043285747169954772e-02
-2.494059242007512413e-03
8.956286313235563290e-03
3.073144587410095267e-03
8.319344605648371083e-03
7.873964482993380323e-03
6.985924234971879754e-03
3.082455175503766472e-04
-3.364758258259323460e-03
1.031474504730254442e-03
-5.677531576027331070e-04
1.100262925944617710e-03
-3.700457994686109670e-05
4.273336633780717986e-03
4.876835581183097679e-03
-6.393679192498691669e-03
3.747220467030432881e-03
-2.652278429102561744e-03
6.953228933271290643e-03
-2.119395504528287684e-03
-5.055832937770368858e-03
-1.283515893856424905e-03
5.374248149689973830e-03
-8.599722282013233694e-04
1.662541336326175912e-03
-4.854022653345763712e-04
1.361004803911917797e-03
-9.888506731621168628e-04
5.211453874779221722e-03
7.400026458583348898e-03
6.617012852708206369e-03
-2.988855456857268493e-03
4.987623404636638488e-03
7.893753322681592048e-04
6.425204277554202176e-03
-1.629415920716589718e-03
-4.891828737514918903e-03
7.877787000910171922e-03
-6.604331636571865276e-03
-9.747935408498069679e-03
9.425979506054686782e-04
-3.987542026030041140e-03
-8.103324134565053835e-03
1.679440635061234862e-03
5.514797711470028826e-03
-2.583161527285277124e-03
8.278891683999922702e-03
-2.562047851392519442e-03
7.972142962409145203e-03
6.537837170882033686e-03
-2.196387832430438981e-03
4.357498965002664162e-03
8.116408122181429773e-04
4.531830547310973165e-03
9.921361104578622740e-04
4.482635828931450829e-03
7.115585529459714578e-03
1.169565741571613592e-03
5.753153762553386320e-03
6.321319766842097357e-03
7.563249376508758386e-03
8.655053293138001078e-03
1.768685715883698550e-03
4.949724559188073414e-03
7.684069666529295267e-03
3.519726717417315590e-03
-1.347266481323349625e-04
2.732320297878692954e-03
3.635259509690623968e-03
-4.965342909889498141e-03
2.154292320744606148e-03
3.719349997736747654e-03
2.250485300205865794e-03
5.761335750451349307e-04
-2.305966541804335235e-04
2.168710238369008902e-03
-5.936547878570693978e-03
2.581441088533682413e-03
8.581846549731961954e-03
-1.432778636826479790e-03
1.879573759200054220e-03
5.008238118915326297e-03
2.024165948950632996e-04
2.943281207393504129e-03
1.083761894501303683e-03
-3.300137319716311447e-03
-1.834355961584896531e-03
7.494863661980743705e-03
-2.401201319820014165e-03
-4.759415927303022043e-03
8.533077575042360974e-03
5.201426399881171891e-03
4.729027771497007135e-03
2.243050766351116151e-03
2.769250666731399267e-03
-1.078577081319984955e-02
-2.133508893433427173e-03
-2.464461208955270009e-03
-6.150992170109578425e-03
-5.594263503511808996e-03
1.300016773355550104e-02
-4.731640361239870113e-03
3.195681462400591470e-03
-1.738093516182861228e-03
-6.854954714648935424e-03
4.279094253153191765e-03
7.831527857092908385e-03
5.090538068743762773e-03
1.049128984395516183e-02
-3.036647803573812917e-03
7.461552997938774136e-04
-3.759512202701985849e-03
-3.312890773005906439e-03
2.117231826105432126e-03
2.180546850967559659e-03
-8.538722475652886761e-04
-1.572617969710003597e-03
2.065491743150525954e-03
1.627517033159912732e-03
7.457302113311511504e-04
2.031050245303899545e-03
3.486063564898796326e-03
7.140651579694455228e-03
-6.591938746033637955e-03
-5.510192194149651779e-04
1.863526792514666203e-03
5.015216240350658938e-03
1.837923641093751424e-03
2.301827313562632669e-03
1.000533905127995102e-02
1.287546579013066142e-02
-2.031149010354072631e-04
3.258537834723210843e-03
2.029658110339021063e-03
-2.775574377487374095e-03
2.334243440258468739e-03
-3.290499876385258315e-03
-2.450516458460119066e-03
4.861552857316182343e-03
1.208315124217220794e-02
-8.803106832811276317e-03
-7.498457748523915632e-03
5.092024870339961241e-03
-2.559151415938255153e-03
9.774579417211597121e-03
9.215487260251516155e-03
5.353363898353766248e-03
8.264003125672967492e-03
-8.455653207827332207e-04
-4.891315589896192903e-03
2.059921945974495499e-03
2.069592673280089973e-03
6.006342220534306546e-03
4.044874146086356939e-03
2.084982681792605860e-03
-5.359307336378570617e-04
-5.681271728806286045e-03
3.105866507410898550e-03
3.480843625762651723e-03
6.542028240138763120e-03
1.504332239966936664e-03
-4.906856476778228247e-03
1.710600925727097030e-03
-8.386950261180233044e-04
1.004751516402993539e-02
2.404327942247927626e-03
5.787069748463527421e-04
-5.297509999054203673e-03
-7.576358245459952762e-03
-4.090913231277996595e-03
6.844350676783724028e-04
2.668913493133399754e-04
9.064749085364522292e-04
5.291731529234439298e-03
-5.252468583244492136e-04
1.108120061362721906e-04
7.132350350126280374e-03
-4.238662378958461645e-03
-2.114982168406023561e-03
-7.287183203688472367e-03
1.976989377756228818e-03
5.120610803370199623e-03
5.548036763076143185e-03
9.611881691089045870e-04
-6.099669785655801105e-04
-4.477088612065344315e-03
6.226073907791524614e-03
4.981382253715242736e-03
-5.130495021891411968e-04
-3.136685283634322793e-03
1.227070520311487282e-03
-8.173571002178950731e-05
2.504291258966985512e-03
6.035613558758834776e-03
3.368752634257041016e-03
3.127545139882854236e-03
8.291686716750501333e-04
2.885419308612530674e-03
3.450661875486758443e-03
1.323521982730155094e-03
-6.542701248237707892e-03
6.206153032436910423e-04
-6.633440037455718211e-03
-8.911116913757136104e-03
2.250852879321994793e-03
-4.730520725123987108e-03
-1.230578088299348269e-03
-4.887311795560861198e-03
4.904356102423893925e-04
1.028292566242259426e-02
-5.066040249059280964e-03
5.998234614732240663e-03
-8.841882656693033412e-04
-1.204004869130057692e-03
4.886185035074442837e-03
1.926580815904374881e-04
5.729267036148791119e-03
1.095124706317640931e-03
4.794185837734585981e-03
9.074051448542848342e-03
1.180533297578384780e-03
1.670731826795538236e-03
-1.951294961856692503e-03
-7.179860388805591603e-03
-7.564446474787789657e-03
7.954489949433506124e-03
-5.192332811271747721e-03
6.411829543950622358e-04
1.434435484648924689e-03
7.605232424902534996e-03
9.134763823225290624e-03
4.158001246519574430e-03
1.302901513457017056e-04
6.043071223324508745e-03
2.212472059389837282e-03
8.210332981612716982e-04
4.040779232017431078e-04
-2.411489304257907230e-03
4.848373131939110250e-03
1.700726297254593125e-04
3.481988096408621634e-03
-1.119278313894850216e-04
-1.312328633602958487e-03
4.994735670086922837e-05
-3.363787875518498439e-03
-2.268137054300898019e-04
7.275498162360223391e-03
-1.188640381386803571e-03
-7.478987281249079022e-03
-1.498096782799990766e-04
7.061333158565760715e-03
1.511882375628995339e-03
-2.691457835718140813e-04
-1.077955396876838223e-02
9.742223463874434899e-03
4.209845629291089977e-03
4.806539515475427397e-03
1.309351786362935319e-03
-3.510949439039689340e-03
-3.447123026820970212e-03
2.363157529394587474e-03
-5.193923868385395305e-04
4.787527592895051711e-04
1.973626377809168091e-03
7.664381792480545220e-03
8.272855592386331360e-04
2.347395887321496177e-03
8.682756854295668736e-03
1.868224148405122915e-05
5.307663798332737382e-03
5.661262914099004628e-04
-9.228173970602639381e-04
-2.057572479721597215e-03
6.220814322287852513e-03
5.520819461844147721e-03
5.968894557883563760e-03
-1.749140627528825501e-03
9.147313679810078688e-04
6.595166259570981425e-03
-2.611472099367642685e-03
-1.506455733090792141e-03
5.132664680326245316e-03
3.577448137809755360e-03
-2.847738681683107797e-03
1.277744086131570121e-03
4.297203272986263242e-03
-2.505306684293336951e-04
6.638503674892964890e-03
3.442656597627954604e-03
-5.290394067816847970e-03
3.224892306891693518e-03
-1.884668140763057827e-03
5.054703806408227321e-03
2.862290118897879362e-03
9.431381444534016551e-05
-1.088237193753914750e-04
3.643886040623696941e-03
1.123320459270729654e-03
8.842510506948217386e-03
6.366426390398594211e-03
-1.335882340766311391e-02
-1.617753629529295866e-03
4.462049787760399497e-03
-7.615220357698780987e-04
5.499142338936861482e-03
-1.004489591049910827e-02
3.831015379446533770e-03
-6.396488810825030902e-03
2.905560644911589149e-03
2.276191397885232357e-04
-4.239602401327066498e-03
1.452329731704209408e-03
-3.196045371942177801e-03
6.239637761903238551e-03
-7.890300945289349666e-03
-3.033350403243146101e-03
-4.171799256766583162e-04
2.119400272680958125e-03
1.636664722296137962e-03
5.749609772470088039e-03
3.305614011585295345e-03
6.432932634828508051e-03
2.325986065867020544e-03
4.781155922320140875e-03
-1.313179270105056199e-03
3.112001096058262129e-03
1.168504405309371249e-03
-2.435195102619475225e-03
-5.969615392228849390e-03
-1.868681445266546799e-03
2.479234056269861465e-03
9.576860116873896819e-04
7.849282506467282136e-03
-5.715225887536380320e-03
-1.331941702413060556e-03
2.355663966230441171e-03
1.103641964154216532e-02
3.161499319103863032e-03
-7.544875992949171602e-04
1.708785492194446433e-03
3.341709603989317760e-03
-5.038606759393431112e-03
1.302478671893289846e-03
3.794865987886762108e-03
7.653268979874470156e-03
7.318870582631813344e-03
-1.352126757843144511e-03
-4.821378876564561683e-03
8.808868660179252491e-03
4.466934941630770414e-03
-2.912244621013463123e-04
-7.684479463193418002e-04
-2.928490760698385965e-03
-5.709678547789724537e-04
-7.287659923293490424e-03
4.761954336639935212e-03
6.599090133885779363e-03
6.736180758844242250e-03
7.713351001123852982e-03
2.106982091205799722e-03
2.525876259254621926e-03
7.849984308171607111e-03
5.254940333808784045e-03
4.174269402796533524e-03
-9.475926311266469598e-04
6.418734637406645419e-03
4.108148194223150418e-03
-2.141881141257935030e-03
2.597766472500708315e-03
2.390467535780813231e-03
2.124961495110548831e-04
9.780693478786280613e-04
-8.164188632042362198e-03
4.315185882620855770e-03
3.961183374780528725e-04
-1.817365799519409051e-04
1.737513230284227876e-03
2.022201533380895387e-03
-1.168529477811040308e-02
