1.977091905962269913e-01
1.497888322991576815e-01
1.763641976338619910e-01
1.558107045068467533e-01
1.550763812243373951e-01
1.342843817135448981e-01
2.523951200602924660e-01
1.378372295841387707e-01
1.619193922608848923e-01
1.916558089427674028e-01
1.508863577009063039e-01
1.243530302689133532e-01
2.755503383470861989e-01
1.469217896114825006e-01
6.907721379058164024e-02
1.476912834652230888e-01
1.405502578563208593e-01
1.293073352744170956e-01
8.286967502584319245e-02
2.112017895768370512e-01
1.074568236735529286e-01
1.898427610206931404e-01
2.232595778745726511e-01
1.871790433559911149e-01
1.528868489407693154e-01
1.919688860032414124e-01
4.590225011753602813e-02
1.172604047505080571e-01
1.438524078299336373e-01
1.264689788372176660e-01
9.362363107545640384e-02
1.249877727171906650e-01
1.499825591141019654e-01
1.048417014809451542e-01
1.645203813184433206e-01
1.757005325800330975e-01
1.502736201813651418e-01
1.604270222719289263e-01
1.889890206911469805e-01
1.712891173654910171e-01
1.426201795734114708e-01
2.012264206312091575e-01
1.491771873403961446e-01
1.245385069564670100e-01
2.128900707388556302e-01
1.363667061386882873e-01
1.880451482572765010e-01
1.737869015867225531e-01
1.570751921895339742e-01
1.325518959956260012e-01
2.292692634724095013e-01
2.067660989156729912e-01
1.197862050756181296e-01
1.938792095766060375e-01
1.655754536088094586e-01
2.096754444798353822e-01
2.084734171757189891e-01
2.118912304654269052e-01
1.986835426397957627e-01
1.869312774519978904e-01
2.110978725854290028e-01
1.624351222461716815e-01
1.363529384721106907e-01
1.739227263121363443e-01
1.739947810853068044e-01
1.034730571338788180e-01
1.246568515506830677e-01
9.672298773504742209e-02
2.174148432032037559e-01
6.324945725258541984e-02
1.492115047554758434e-01
1.770234867206143814e-01
1.620042876710625079e-01
1.160621401822745369e-01
2.081869601678423831e-01
1.838477644537582500e-01
1.001868621058260578e-01
6.456923665401555212e-02
1.684345539492567156e-01
1.296320265518454418e-01
1.275353866673209491e-01
2.124684572282460326e-01
1.668262094462644729e-01
1.155150214417586113e-01
1.967718256824025902e-01
9.216216904031232504e-02
1.530724215180387926e-01
1.822305008491375555e-01
1.309746868205448056e-01
1.098780537649425432e-01
2.036606978642618304e-01
1.905630800924527635e-01
1.513159146953274581e-01
1.510540849914231432e-01
1.496897088166731782e-01
1.466328738050334812e-01
1.271485496634391921e-01
1.749036828125719034e-01
1.789787093866947176e-01
2.035718025949272425e-01
1.185921795299373638e-01
2.180087210596542147e-01
2.083696830501866604e-01
2.164486255074891119e-01
1.562811042693429409e-01
1.428591861196245039e-01
1.590207435078433984e-01
1.939892649494114052e-01
1.728321582294334025e-01
1.549920870401043094e-01
1.227747500061841801e-01
1.632668132126706140e-01
1.991574722899820959e-01
1.058795897592399032e-01
1.509962143315953242e-01
1.549392095678377990e-01
1.174948034430335908e-01
1.556571738097798085e-01
1.140102175682863039e-01
2.359510007065704074e-01
1.671974985087175403e-01
1.926698646396333980e-01
1.729469775100193896e-01
1.691007078915684470e-01
1.072560589561487865e-01
1.665109520986136904e-01
1.339613542359461840e-01
1.424682889422357601e-01
1.681504384075086511e-01
1.729522298900973976e-01
1.205193815056366802e-01
1.238276546941217970e-01
1.819189580946695695e-01
1.361028412354938488e-01
1.488397218538823341e-01
1.130406587640185312e-01
1.021136607245279881e-01
1.773905275066427201e-01
1.869042480319600408e-01
1.046019281103442444e-01
1.539092512705195204e-01
1.727591008512120441e-01
2.172110899101824810e-01
1.778323435225659943e-01
1.938204338425537632e-01
1.134446578928826055e-01
1.115821152356237522e-01
1.880148618935926219e-01
2.505226359538815228e-01
1.061478954029970584e-01
1.470872713046027236e-01
1.736777437732232310e-01
1.364239012854555066e-01
1.519372487912359349e-01
1.200620995997557228e-01
1.484767904702406771e-01
1.492009494237631906e-01
1.741555331008391716e-01
1.633059923910656352e-01
1.713291881613774326e-01
1.859417398073721639e-01
1.348008798265789010e-01
2.022760441795080633e-01
1.631520517286744187e-01
1.891387378424340404e-01
1.585187602192491274e-01
1.332220939053116171e-01
1.821326178653395744e-01
1.067877670690345060e-01
8.580913177931456803e-02
1.495909304296110520e-01
1.589614215336332959e-01
1.975987960179187430e-01
1.882974776992241139e-01
8.809934985673111008e-02
1.091414818516332763e-01
1.945886300819280879e-01
1.186262461520921907e-01
1.486972357843685533e-01
9.601101370254411238e-02
1.693557656414723944e-01
1.901229155543194271e-01
1.777357434061260788e-01
1.730122716957222806e-01
1.434976011201681001e-01
1.942574899153591828e-01
2.326504494297531866e-01
2.152477589049973106e-01
1.692743710696854031e-01
2.288768537304611272e-01
1.197257710905239025e-01
1.289095863665649933e-01
1.968584519485668816e-01
7.797651160184959629e-02
1.198681159412528785e-01
1.466474732281845550e-01
1.513381392824046379e-01
1.502020566434165150e-01
1.501910670320742991e-01
9.276644423360370928e-02
1.650740193623528862e-01
1.376513233663517188e-01
1.684849336014018761e-01
1.541566784536343437e-01
1.847787967794651265e-01
1.464018102420500123e-01
1.549171872005566108e-01
1.518617076532433052e-01
1.206372847736713882e-01
1.514688809859485730e-01
1.784885929996631315e-01
1.475633543834068417e-01
1.441798162484969059e-01
1.649111397506571597e-01
1.641314958594733975e-01
1.387780626276489959e-01
1.985150020431330486e-01
2.797352983250219749e-01
1.259404180484292313e-01
2.085257495984112752e-01
8.585778853234990460e-02
1.448814819784917662e-01
1.426993929214245282e-01
2.018515430662741195e-01
1.417740282260065987e-01
1.831432196985747218e-01
1.507575147626419310e-01
1.665590817790339184e-01
1.350242129974376926e-01
1.616893006380132058e-01
1.597185299568490147e-01
1.405026780511265949e-01
2.038777813140735806e-01
1.861057668138454968e-01
2.122315160060579409e-01
1.732794946901641264e-01
1.994081169351329674e-01
1.844193463402361566e-01
1.547649491444645364e-01
1.430874315647037154e-01
1.311743323331701350e-01
1.459530614438266372e-01
1.418625511377634152e-01
1.681805491132330188e-01
1.413554422389989851e-01
2.459369736646827009e-01
1.100889143828335803e-01
1.949582201393307845e-01
1.001449747161656523e-01
1.705955889503394940e-01
7.799974398551789978e-02
1.912362815194514620e-01
1.584538852751510019e-01
1.706781556572719571e-01
1.461746314245098988e-01
1.257123868242964737e-01
1.778972484098217677e-01
1.740068297233497152e-01
1.933627363248009989e-01
2.205846745412318732e-01
2.468207874934749968e-01
2.270736660719141209e-01
1.528483753332556261e-01
2.043699540047999585e-01
1.030825010769312600e-01
1.298617603837475820e-01
1.187108322120081494e-01
1.527763333074435570e-01
1.486075779635045446e-01
1.176704461436645366e-01
1.338584303277730314e-01
1.978032332196345278e-01
1.654698618607536864e-01
1.136460319245733430e-01
1.519376759854753067e-01
2.033424697618727017e-01
1.823389414362023286e-01
2.176690739671013897e-01
1.995816873581283679e-01
1.497130944250431306e-01
1.538573592942119039e-01
1.143598368875577698e-01
1.887127836744070808e-01
1.849208236006041339e-01
1.888218608517600594e-01
2.032812999681554988e-01
1.602603506232864738e-01
1.283652043904850992e-01
5.490300637969212916e-02
1.406665991894687218e-01
1.337600881962014432e-01
1.173780517780529525e-01
1.401493363896171851e-01
1.389195787745120814e-01
1.868246392968059832e-01
1.616765105945267567e-01
1.676077083944998436e-01
1.791141388027359949e-01
1.384315653942345681e-01
2.152492859744303544e-01
1.411205710531143742e-01
1.417057425088733558e-01
1.711960721849644929e-01
2.097875523352784877e-01
2.161208492286178229e-01
1.910225420545248187e-01
1.850013792977809601e-01
1.190962610749702888e-01
1.331975672258615684e-01
2.249406833090400459e-01
1.241926095326063156e-01
2.524077608102881509e-01
1.521876160815950896e-01
2.126030056717424510e-01
9.293972188315868799e-02
1.501091848923202243e-01
1.935019135782016508e-01
2.315659336913215849e-01
1.240546965715161737e-01
1.394362674492954091e-01
1.351792250559334108e-01
1.276602222283632071e-01
1.587426900803295959e-01
1.660891573104663621e-01
2.086223036853002699e-01
1.970577654197555317e-01
1.529915375472669925e-01
1.941865118111711364e-01
1.644815642949560563e-01
1.614577405274740252e-01
1.447200988720169779e-01
1.680545062601511153e-01
1.669315945880420204e-01
1.422524742380781027e-01
2.316727138710413803e-01
1.984852955688884979e-01
1.689993394998168530e-01
2.442861511111551476e-01
1.242324217376928747e-01
1.186505603051202506e-01
1.128955349983898626e-01
1.247624178299203968e-01
1.413304223850992969e-01
1.881856099909756663e-01
1.765246808693164693e-01
1.553952669387655972e-01
1.512718148281947395e-01
8.006180451172000001e-02
2.342590599816240515e-01
1.149023959870101169e-01
1.494691350081182035e-01
1.266662808105862847e-01
1.119250401453446564e-01
1.391540685962107671e-01
1.589995836980962474e-01
7.977993807434881346e-02
1.676398738759497520e-01
1.659552480667713936e-01
1.155089050067303613e-01
1.801951454827310228e-01
1.175216999716220678e-01
1.180008832588388540e-01
1.286494872402179634e-01
1.882714304714438458e-01
9.572294008869255966e-02
1.540906511007240631e-01
1.728044143919038322e-01
1.892255964163537252e-01
1.367297421675301994e-01
1.682640368563983191e-01
1.831615793853281215e-01
1.569591624307135613e-01
1.100128585389312103e-01
1.236625663056450247e-01
2.095837972164629193e-01
1.538065985007308623e-01
2.033652339004453635e-01
1.076115221719669557e-01
1.327279813547107556e-01
1.550067444499508840e-01
1.204892602442693972e-01
1.415077154722581276e-01
8.363975189748960870e-02
1.866490790669205757e-01
1.935237316723745771e-01
9.816649205257543809e-02
1.712467845910694841e-01
1.800105945680460784e-01
1.376166415571642987e-01
2.018842574422073932e-01
1.109105581315043276e-01
1.223190580873233235e-01
1.423299499474714180e-01
2.139689247697345587e-01
1.396380940694336159e-01
1.657906375078770089e-01
1.926043341419413357e-01
1.142400571971413370e-01
1.378523524322000093e-01
1.440387237600374848e-01
7.069796431337423137e-02
1.300159601927094732e-01
1.864387558737203299e-01
1.873643870824583391e-01
2.314956586529203775e-01
1.646178211062858943e-01
2.135302263674573042e-01
1.880049154806625877e-01
1.869679873277543813e-01
2.068221426470507884e-01
1.203206963820861453e-01
1.542336761586134697e-01
1.118802952670004125e-01
1.271332047260643194e-01
2.136649624656722368e-01
1.975308679616279428e-01
9.434802655804676308e-02
1.976755248952645205e-01
2.074691887124969769e-01
1.595607134787168924e-01
9.699572160380409702e-02
1.233954210776799787e-01
1.828744054503715910e-01
1.648852875618488367e-01
1.235584295654199583e-01
1.410514368616372360e-01
1.715034721972575893e-01
1.836949283346493433e-01
6.732644254989808563e-02
2.114867446707932586e-01
2.021633266011390317e-01
1.445775799876832246e-01
1.629040349175587821e-01
9.654432276426898329e-02
1.592993651926399301e-01
1.714231982010246957e-01
1.219729456927019784e-01
2.104033858645092403e-01
1.758409513762727583e-01
1.183805262098664157e-01
1.709771468406068307e-01
8.528344669191438576e-02
1.586243214244614785e-01
1.661936901979057524e-01
1.779375962913862241e-01
2.147337111652216635e-01
1.606573845827490299e-01
1.527050469778195030e-01
8.312983971245174741e-02
1.375748466068518472e-01
1.610963411259042077e-01
7.581237648985514332e-02
1.949948831077608080e-01
1.835383845005085224e-01
1.661682163421958625e-01
1.483400733348038403e-01
1.390330101789979400e-01
1.434450111771232717e-01
2.006130115456717378e-01
1.982677122434599593e-01
1.627646907391544495e-01
1.459063395923048401e-01
2.085689624142557375e-01
1.173437268559129748e-01
1.533220339346551553e-01
1.239520308208226507e-01
1.737453031729999653e-01
1.284074256709519801e-01
1.289046879113110444e-01
1.321044773347294643e-01
1.202441825307950241e-01
1.022988707278757597e-01
1.059250959815268844e-01
1.952089293478510013e-01
1.576314658260670742e-01
2.202393123719247892e-01
1.578741771354918999e-01
9.162699071155147590e-02
2.185245867927587127e-01
1.252210412647636328e-01
1.663512036117557602e-01
1.311381191039302507e-01
1.162383130374293194e-01
1.352970211126063305e-01
1.445915852342780361e-01
1.262689997052537927e-01
1.927869339193759024e-01
1.625374281716810698e-01
1.006456974393509923e-01
2.354740243606673333e-01
1.888543094759953800e-01
1.673731867579202059e-01
1.173516927611435723e-01
1.319059138731777936e-01
1.922547005817366039e-01
1.079993358305334217e-01
8.130599231555468709e-02
1.863931282126602140e-01
1.210760594312230570e-01
1.331558866888064574e-01
1.286098391234096472e-01
9.725516939837813846e-02
2.588942467284638393e-01
2.006175685041585999e-01
2.127508595627339849e-01
1.938336700328404938e-01
9.509095593176571104e-02
1.168868066814808676e-01
1.598958921275463740e-01
1.733276850893069876e-01
1.089070879316224316e-01
1.421223951500541482e-01
2.006820202386735141e-01
1.343624792038722038e-01
1.359324344900498249e-01
1.261034606309591466e-01
1.766465995438247227e-01
1.556371358869107768e-01
1.435338190561964988e-01
1.527440176336706812e-01
1.471827312892821094e-01
1.386465663805392379e-01
1.112268302965215006e-01
1.392065471692706946e-01
2.114635959128907672e-01
1.221234410279225385e-01
8.360498848737092648e-02
1.619294829364010813e-01
2.037909561352007071e-01
1.420639479025644358e-01
1.529547886003050916e-01
1.528113644548015349e-01
1.950174058527020526e-01
9.173233022763549460e-02
2.483268881709552733e-01
1.425685249438936597e-01
1.498989955628474979e-01
1.367662469638436518e-01
1.503312258071702878e-01
2.010030938984175286e-01
1.962877012856893699e-01
1.793632624416940380e-01
1.338098091549647650e-01
1.488924808653543652e-01
1.360387442174421091e-01
1.085104609230097827e-01
1.141304613398409495e-01
1.037132488096979138e-01
1.425458684140076260e-01
2.248799237797546313e-01
2.170934092223338052e-01
1.962170703077262268e-01
6.235994783357239057e-02
1.570520435152142347e-01
1.313103990681401267e-01
1.836499847813463093e-01
1.717185779575708393e-01
1.024214263703284167e-01
1.363107398195247399e-01
1.107482983097832774e-01
1.042902236342367894e-01
1.561550198410198154e-01
1.227780550197039716e-01
1.258340059023224655e-01
1.680275539204056368e-01
1.915798331501954721e-01
1.175426910535850578e-01
1.187431064571615180e-01
2.104021079974308095e-01
1.742765135889255967e-01
9.356988993595335979e-02
1.840704688690970314e-01
1.968693063577446334e-01
1.295347052331307369e-01
2.051517069076259914e-01
1.858982315049851897e-01
1.734763965731288549e-01
1.404427786029917025e-01
1.391094715296118389e-01
1.377315179742906459e-01
1.180267393845791379e-01
1.412501670625218309e-01
1.516431495892145154e-01
1.880984336371332999e-01
1.381722137836987885e-01
1.746824217473223750e-01
1.545656581239055194e-01
1.572227230194520042e-01
2.495916646347008938e-01
1.050314463287766453e-01
1.540632703582679730e-01
2.018127926754716139e-01
1.407749866901644720e-01
1.490742682219388660e-01
1.820364832409810119e-01
1.602050585775388614e-01
1.405844057007488712e-01
1.661704695549670596e-01
1.884575889988618635e-01
1.282071911296844557e-01
1.878645597247161625e-01
2.221228405755875379e-01
1.224109150274304975e-01
1.983192857468472625e-01
1.566142613965299524e-01
1.079184703266165279e-01
1.279932888942751090e-01
1.864454090852126489e-01
1.225689705136984997e-01
2.150218584711717784e-01
1.994913135085112366e-01
1.992457431565881065e-01
2.046776658608553956e-01
1.804362969915641601e-01
1.393536388438311735e-01
1.355457852004337271e-01
1.455053980695725224e-01
1.817031124189203983e-01
2.358167892992665271e-01
1.068207214316563153e-01
1.494783422261893868e-01
1.598234360769557605e-01
1.935318279890914372e-01
1.177424478821165049e-01
2.294865953124369251e-01
1.383681435095180934e-01
1.955424156342019937e-01
1.975576349593084757e-01
1.381609540324262309e-01
1.178609311465721593e-01
2.152190200596779679e-01
1.448360130421433856e-01
1.651882911473834814e-01
1.376453104405028216e-01
1.167126113017057376e-01
1.642971139202073216e-01
2.129619716074435953e-01
1.317349117347073051e-01
9.964541439218815855e-02
1.766886045757891932e-01
1.447269503909176525e-01
1.731863670662029397e-01
1.422827780294684263e-01
2.035770276838400061e-01
1.779209868095927294e-01
2.088107396875984179e-01
1.405637639800659255e-01
1.458700363345492024e-01
1.625139045080155609e-01
1.902677069767046425e-01
1.386213048683335725e-01
1.788821456315487224e-01
1.635734863233454239e-01
1.947406954553697334e-01
9.127619889492764871e-02
2.096473174048396060e-01
1.046666300737444655e-01
1.577421906237334581e-01
2.300634044483574614e-01
1.516125170649688381e-01
1.272739398178011627e-01
1.477954011697906189e-01
1.098564856704170312e-01
1.066734249746381646e-01
9.340477289510985826e-02
1.498661216015093889e-01
1.317538718771477102e-01
1.791861120462640566e-01
2.102761666132662022e-01
6.806404248829681092e-02
1.643356871117753470e-01
1.588332872089670833e-01
2.488782446044929264e-01
1.873778763807777414e-01
1.808884213198144186e-01
1.665474624887602895e-01
7.260525303253383134e-02
1.986709914126193743e-01
1.312603516263337600e-01
1.433363860687497660e-01
1.598874726238006527e-01
1.112538899700993289e-01
1.224795615284031414e-01
2.037223290794114017e-01
1.864175822651725212e-01
1.327264286148118477e-01
1.692275163277850158e-01
2.419825108630592192e-01
1.452006682208132060e-01
5.372697570767150099e-02
1.258435807545654206e-01
1.697227957613369753e-01
1.434871149517855105e-01
1.421208707385743786e-01
1.442981456403165941e-01
1.781332124825096841e-01
1.592446815984407682e-01
1.539580268068063973e-01
1.556990414481352614e-01
1.786354069020239799e-01
1.070761954344375683e-01
2.301482542166031209e-01
2.482492498323881913e-01
2.000382659168955524e-01
1.670236176505686954e-01
1.513267652778109984e-01
1.125833817022579841e-01
6.855991163735469796e-02
1.708818125786025210e-01
1.637129305980413729e-01
1.633750918351819514e-01
1.641119663941321971e-01
1.521042857665938497e-01
1.485659943011730100e-01
1.628817984003147756e-01
1.597642139619210033e-01
9.520176924356950343e-02
1.307896693640540342e-01
2.471018364004112233e-01
1.540366844027954707e-01
1.466626235259105848e-01
2.055271909026127608e-01
1.659765301822131445e-01
1.150040721714116754e-01
1.511172193704612421e-01
1.566860225038636534e-01
1.228571132879903161e-01
1.670787373158948985e-01
1.250831597508930138e-01
1.591846977405384223e-01
1.804508377597589530e-01
1.727005960399204121e-01
1.380628672340207252e-01
1.615659560669321371e-01
1.366538921168124476e-01
1.346635874603454852e-01
1.871735472390246846e-01
1.715735617547430869e-01
1.800297321069581069e-01
1.387091779305290873e-01
1.452664685502323416e-01
8.089328732514367015e-02
2.068748447664609524e-01
1.652695542681534846e-01
1.662382023954087074e-01
1.314992712566145361e-01
1.454028548709586088e-01
1.676607437129649381e-01
1.488198757915758508e-01
2.010733285444801233e-01
1.743282965371661108e-01
1.770297089037178306e-01
1.921550300604241146e-01
1.029702174951316190e-01
1.236806859338793613e-01
1.597565074063556634e-01
1.825680640874761118e-01
1.525012570600712269e-01
1.799700032139771866e-01
1.882971201254779181e-01
1.908855982242028682e-01
1.262153214322677686e-01
1.165254160948884093e-01
1.851804327724418386e-01
1.441127400862618479e-01
1.763283986790731284e-01
1.087710259674147251e-01
1.795134480284160117e-01
1.397169202414257350e-01
9.792908113093706790e-02
1.558839413201585922e-01
1.886116819220298169e-01
1.403172340852013311e-01
2.015724232078081601e-01
1.005409453174427592e-01
1.361184106232447011e-01
9.417857245371982766e-02
1.979851891917275286e-01
1.234861774954369301e-01
1.932768155926808673e-01
1.931656897408704221e-01
1.512338435548942761e-01
1.355962059345336701e-01
1.673012206030115856e-01
1.014831056721889058e-01
2.073974808999479169e-01
9.801087868163219086e-02
1.305861081016501668e-01
1.713888160252980131e-01
1.646443645574856562e-01
1.078136313102298349e-01
2.297770350505058401e-01
1.351464094494008172e-01
1.041057728453267384e-01
1.807161337867169704e-01
1.963328963302176655e-01
1.550924598723356085e-01
1.161510734172394588e-01
1.517989415633583250e-01
1.605538545675742057e-01
2.390278921003974877e-01
1.520716905439935818e-01
1.436241419755096282e-01
1.056246039714782564e-01
1.782298133188023326e-01
9.049596994275460604e-02
9.942935588126744495e-02
1.307011881621584215e-01
1.561521114957199752e-01
1.382476647847769580e-01
1.580597794422569646e-01
1.345606891058507004e-01
9.708439096455687145e-02
1.818695870521028213e-01
1.709882451819493276e-01
2.101098217781994792e-01
1.217391682910721334e-01
2.343202153595317361e-01
1.544614505842951402e-01
1.470852990716320918e-01
1.696733543894429763e-01
1.433231510111637741e-01
9.724460612234883672e-02
1.189390088517408156e-01
1.165479433356062799e-01
1.899511033188856779e-01
1.772167249465119998e-01
6.934588685028703070e-02
2.028580485284611212e-01
1.625411860156959765e-01
2.379822043922601160e-01
1.614346857294347570e-01
1.542419908867731504e-01
1.768241093959657673e-01
2.505527579740750577e-01
1.462266697556449946e-01
1.178898056962154051e-01
1.902857526773382157e-01
1.463608575446999904e-01
1.659198907065109196e-01
1.828844174542533507e-01
1.021934559225134015e-01
1.239410626441737329e-01
2.027499094743861752e-01
1.731857262057000524e-01
1.322079674979250719e-01
7.797423906331268917e-02
1.947035018150133634e-01
7.553911614528098506e-02
1.271597300528931052e-01
1.324325684239530954e-01
1.427547707204499805e-01
1.368355933054374307e-01
2.212961619494003274e-01
5.986208810192009816e-02
2.408404124658010681e-01
1.529984309161819267e-01
1.559645199722747844e-01
1.201779576811946859e-01
2.109457157453167586e-01
1.885919582365193636e-01
1.251189528059497291e-01
1.511514351439636195e-01
1.782586612060003683e-01
1.333603694487725255e-01
1.697017475283706944e-01
9.089986317401402283e-02
1.761073337019217477e-01
1.631475013633232607e-01
1.408733911595466126e-01
1.871244726230728017e-01
2.096398707064238420e-01
1.765105660743987448e-01
1.101081459658835582e-01
2.048309932267930455e-01
1.825215882483839924e-01
1.583773155161656010e-01
1.605093279628856395e-01
6.855087402223189463e-02
2.041897370667060674e-01
1.694784675035471977e-01
2.228937091161389272e-01
1.607077987961714194e-01
1.650203034994037476e-01
1.964547611107278491e-01
1.781731769784653530e-01
9.295532152252619640e-02
1.277696282725356847e-01
1.432664172123152835e-01
1.592113969036150212e-01
1.261120345969011236e-01
1.202729056623734749e-01
7.105141804976260189e-02
1.627387302199973518e-01
1.518894158943100148e-01
7.527213514877760525e-02
2.047273834040685969e-01
1.796990213119124269e-01
1.666595741649901652e-01
1.446073208430830870e-01
1.923975810960945054e-01
1.952337732944126880e-01
2.153146830733748129e-01
2.020320053343322431e-01
1.639149848082780969e-01
1.643706838067457432e-01
1.707626867552037020e-01
1.253591547453515032e-01
2.124541661288941174e-01
1.432790484148182275e-01
2.426010991315169230e-01
1.776812041899548111e-01
1.380605553337455604e-01
1.482762659729343901e-01
2.511138550414164783e-01
1.861779485185790783e-01
1.302335937945247046e-01
8.789550328800524448e-02
2.010727142945404333e-01
1.375905588729398332e-01
1.468580048183102393e-01
1.827002425046508893e-01
2.502547251301809328e-01
1.711961505369387071e-01
1.755772490490687954e-01
8.743456638590800523e-02
1.743290196542686687e-01
1.384935425116229080e-01
9.629411070666252237e-02
2.227493613836901698e-01
1.078015399355335135e-01
1.731931376984666149e-01
1.802987848012609362e-01
2.018221686788378433e-01
1.899506669825484773e-01
1.688128131838807777e-01
1.047552123795479351e-01
1.412381477811117669e-01
1.549275543347350681e-01
1.499918277826726709e-01
1.080675572740836671e-01
1.474146033612206697e-01
9.703204412236074439e-02
2.432602425778681576e-01
1.812564101514611559e-01
2.226438930593080401e-01
1.846962240902247365e-01
1.877511638578571174e-01
1.906861847689970135e-01
1.271880726940528561e-01
1.537468373388119480e-01
1.059838458448872089e-01
1.753170538425148084e-01
1.067085160688707179e-01
1.401711294201244407e-01
1.226729301444870746e-01
1.233722886548486303e-01
1.945502779572245711e-01
8.266783345891982882e-02
1.815216542449291648e-01
1.361377435748706843e-01
1.412680419638793761e-01
1.517051813719749731e-01
1.452600532428141578e-01
2.086663494284833886e-01
1.917238538605262055e-01
1.928130293540097906e-01
1.111941785788005538e-01
1.768501323248839463e-01
1.405130985846480551e-01
1.903749094225380134e-01
1.543150256143539512e-01
5.368208354168359925e-02
1.557750292974215967e-01
1.495221588929254442e-01
1.633232790376286658e-01
2.136150488105676981e-01
1.219040286165160719e-01
1.049551923534192271e-01
1.841726048387544445e-01
1.223741575193736247e-01
1.603423086092993777e-01
1.608209376333705198e-01
1.630859925600204041e-01
1.193377734953477293e-01
1.829056407954993135e-01
1.106461324686291020e-01
1.633838677999499001e-01
1.129431552383342308e-01
2.361614996281202750e-01
1.236068132162653627e-01
1.535898414992912797e-01
1.033568059861303678e-01
1.077464800245416382e-01
2.465146420227612711e-01
1.667781656175847393e-01
1.823411013193526609e-01
1.463684418703634915e-01
2.175998241609326533e-01
1.647328548278773341e-01
1.392834143603372266e-01
1.853351117963841499e-01
2.580260859342351498e-01
1.207974397472745820e-01
1.262705770996456478e-01
1.754786059128145559e-01
2.069418790701578192e-01
1.319368252512336526e-01
1.582763943976965570e-01
9.283659508050501330e-02
2.433057562951654595e-01
1.610323348687696388e-01
1.889669765422057890e-01
1.858040061449802161e-01
1.276730300295130793e-01
1.138820203447371421e-01
1.425679852652373125e-01
2.376561834666351403e-01
1.399957352304935232e-01
2.067165521511273862e-01
1.472286112129252977e-01
1.902225381055195896e-01
1.436321443387936214e-01
1.441734664162788726e-01
1.880303179016103721e-01
1.863641672064516863e-01
1.548853975177580111e-01
1.680365825209271802e-01
5.409441495965515434e-02
1.597014767757216624e-01
1.799141426742937311e-01
1.211551790683846608e-01
1.610820764534019178e-01
1.623545853971036790e-01
2.009825075623668522e-01
1.616077215239568599e-01
1.424962384210625710e-01
1.568540791043707139e-01
2.696707790947140415e-01
2.042508707104983001e-01
1.927507628113519500e-01
1.651337954412646081e-01
1.636153558439737699e-01
1.827248219245625194e-01
1.782110743217396043e-01
1.781888693804705159e-01
2.157104955755051456e-01
1.276420608036084314e-01
1.201670041501838315e-01
8.766820298523862742e-02
1.774571255310955220e-01
1.400902347477426257e-01
1.224490898418739704e-01
2.016301151597229835e-01
1.065944591175910505e-01
1.248229928864938720e-01
1.874809932461630746e-01
1.785879297311096514e-01
1.346465111611004628e-01
1.370012189475117714e-01
2.204530370937364536e-01
1.954077148275134845e-01
1.089430186775413867e-01
8.014683275531510331e-02
2.148372875525420556e-01
1.303877195270052580e-01
1.329300174674972745e-01
1.607617668458883875e-01
1.287328940568600866e-01
2.230184599625682496e-01
1.436641666775679560e-01
1.319812087655457267e-01
1.668732664329999615e-01
1.030000570441024083e-01
1.511758571473202639e-01
1.292101469412991477e-01
1.493090237577447410e-01
1.499886655054598061e-01
1.192628118588977687e-01
1.961545791382203197e-01
1.402845739924789559e-01
1.105135929293348668e-01
1.669849356642029437e-01
1.429517098989999957e-01
1.356473594923022774e-01
9.494175085097827926e-02
2.542009577615195193e-01
1.656171937045602949e-01
1.637283017166280552e-01
1.715794571052930428e-01
2.332043799078976076e-01
2.235690165315067923e-01
1.446097655181835528e-01
1.264139846652971577e-01
1.060595937451505322e-01
1.416196972420692979e-01
1.427081119880044269e-01
1.631617638755931687e-01
9.240872382388073958e-02
1.429737342387237542e-01
1.103756500641539240e-01
1.438624770266231923e-01
1.014170243720002862e-01
1.643902382780411120e-01
1.538665372972704837e-01
1.744109110962225317e-01
1.884660380239547295e-01
2.136828728225239615e-01
1.257279920169823706e-01
1.407125915145010231e-01
2.012079001451068938e-01
1.277268894391201948e-01
1.589276549561044471e-01
1.430078287061141429e-01
1.685797230409259717e-01
6.507784648338926781e-02
1.562704413562427397e-01
2.155360982335552678e-01
1.394890529170004223e-01
1.180521904578345493e-01
1.886984686489510676e-01
1.681894043720673915e-01
2.369959577290566555e-01
1.789766743372573909e-01
1.676379591299670679e-01
1.250370139505524447e-01
1.673969620852833184e-01
1.159978791632489126e-01
1.198826963053670064e-01
1.391389648382994060e-01
1.393020496065424940e-01
9.529990962941468913e-02
1.148823092978557836e-01
1.780458607506010260e-01
2.160262289726463947e-01
1.681746457179548182e-01
1.419188804733989007e-01
1.661656556045730815e-01
1.661257252022267372e-01
2.204321185062086408e-01
1.194097498792840994e-01
5.947551581686529032e-02
1.291097505424746994e-01
9.437302586215012834e-02
1.641771701273029849e-01
2.124011223816806848e-01
1.682107633837993110e-01
9.831891113737487031e-02
1.512029104734718132e-01
1.661373813354097562e-01
1.759013593758983474e-01
2.233441351326583557e-01
1.763041293695474798e-01
1.533264507056259496e-01
1.711592323896578283e-01
1.870810763936677223e-01
1.704573854701676994e-01
1.100280309626470998e-01
1.243276505621846023e-01
1.971378968356736205e-01
1.039529090363118247e-01
1.866572170868405212e-01
1.494148044038245970e-01
1.235723204935728070e-01
1.861857610884539438e-01
1.441995693976921566e-01
1.074190452570944199e-01
1.615430561050149594e-01
2.136403278940315342e-01
2.058611279722315501e-01
1.820772974604366601e-01
1.201149632027856823e-01
1.776947844322439851e-01
1.995723575167507868e-01
1.115753364186288926e-01
1.983188617431531076e-01
5.830583577783213234e-02
1.908112252131255460e-01
1.542211151397429314e-01
1.997095142527528511e-01
1.394745267160958369e-01
1.694137357997242965e-01
1.387303002563097243e-01
1.239938785424881951e-01
6.660739847909680211e-02
2.092301460284969883e-01
1.692768633036841330e-01
4.932034139928195837e-02
2.133627132369018964e-01
1.329221669547419049e-01
1.983408537550477579e-01
1.692835615047946218e-01
1.562710010453302878e-01
8.995518979590830244e-02
1.531617778207268743e-01
1.538614574636879007e-01
1.625258481292373713e-01
1.402040142847501003e-01
1.287519156448078683e-01
1.506864870058708950e-01
1.860132932405263728e-01
1.754717893852128507e-01
2.022179073538583893e-01
1.744966134214160913e-01
1.600452367078123994e-01
1.364006305514653405e-01
1.658354639257129948e-01
1.893637218655098431e-01
2.347354585835212393e-01
1.665405285014194825e-01
1.300465304246484488e-01
8.698491202547176115e-02
1.817879549198627154e-01
1.806420326538302201e-01
2.176533071678077580e-01
1.434159636786332404e-01
1.572850140782992012e-01
1.969186628165383868e-01
8.791563131509352869e-02
8.583276350013910316e-02
1.707187462546945478e-01
1.721930264094742591e-01
1.401645621424100763e-01
1.359932051574330170e-01
1.829441776426788402e-01
1.496593332298755408e-01
1.917308686257089279e-01
1.754416593533270619e-01
1.662589802925595051e-01
1.623867763647245666e-01
1.401939508092864828e-01
1.201746499556948233e-01
1.058981817863988845e-01
6.305672723812960623e-02
1.459326358974772919e-01
1.554091576015769749e-01
1.346790274509052088e-01
7.952723565328911892e-02
1.347512379755457235e-01
1.539932978384638829e-01
1.618073037445892648e-01
1.548772899877607634e-01
8.589256610113911450e-02
1.460380473598470175e-01
2.128236693384851219e-01
1.260187654449875794e-01
1.848787178119686292e-01
2.066894718764647754e-01
1.886446256859814208e-01
1.607861531834380853e-01
1.546709094484464142e-01
1.056293741807486919e-01
1.519836884205728877e-01
4.064461807849090169e-02
1.120601328814258835e-01
1.461424038148936566e-01
2.174982637032339683e-02
1.337924978820498323e-01
1.719189108419740264e-01
1.030927384456641061e-01
2.300435644252943890e-01
1.602669330894666011e-01
1.666682281864301229e-01
1.857106099327561766e-01
1.534012884351900197e-01
1.506218174218839079e-01
1.433627226738671545e-01
1.401817694885084675e-01
7.451722003017779983e-02
1.510768761479327760e-01
2.193425761371954053e-01
1.306385467135886269e-01
1.523012835945518895e-01
1.866912077597091268e-01
1.789450746204256371e-01
1.655436234731951228e-01
2.135700306137481297e-01
1.198642334682649968e-01
1.345000621120728823e-01
1.956375949390815883e-01
1.476119660824271596e-01
1.795038351482989847e-01
1.312604708591348368e-01
1.663875691205618512e-01
1.657381119798483071e-01
1.981673745782328577e-01
7.817250898233459033e-02
1.732292598042683707e-01
1.102814898438499724e-01
1.556837015068098518e-01
1.752945703607567962e-01
1.526779481092053747e-01
2.231268520700761537e-01
1.702140947183006514e-01
1.423538915925655624e-01
1.985950952606905240e-01
1.758374206093151759e-01
1.743800325228709869e-01
1.291263117080977130e-01
1.024583219271277268e-01
1.582784717485239412e-01
1.659235605137236169e-01
1.620924023218700827e-01
2.011408985355552514e-01
1.420410928306206633e-01
1.381570212929734420e-01
1.985508389330182533e-01
1.585778863474635036e-01
1.783142880814688747e-01
1.764313469037169790e-01
2.053200579343961718e-01
2.761411832568921310e-01
1.497945352179537726e-01
1.232718878060980600e-01
9.884535303330883871e-02
2.406213659171574371e-01
1.588050769574817778e-01
1.457009046493798754e-01
1.723160570000109859e-01
9.966353585088277844e-02
1.799466941015405719e-01
1.681334866073183609e-01
2.709902681251878942e-01
1.250759830153652663e-01
1.763874100499960851e-01
1.604536667143427464e-01
1.006710529345782035e-01
1.642146929210460682e-01
2.036876271427518481e-01
9.237315797068568202e-02
1.106113408968198153e-01
1.807434512709130414e-01
1.364576480116460322e-01
2.021131341579018303e-01
1.488099551603963289e-01
2.401300746457598334e-01
5.357908463496416362e-02
1.169366276800326843e-01
1.755931887354292287e-01
1.303629717894885243e-01
1.993428614932686860e-01
1.330204741795839030e-01
1.621858531165978057e-01
2.515214033256327197e-01
1.106642729488890309e-01
1.183913338297070128e-01
1.416016376236249319e-01
1.218991887844179806e-01
2.311315398182008651e-01
2.137941613477720437e-01
1.746691959911592928e-01
1.719706862907603162e-01
1.679246973690414757e-01
1.131832960490123385e-01
2.139066448560983658e-01
2.126914792286769273e-01
2.093948636317993495e-01
1.647238036958787455e-01
1.774744379074619238e-01
1.617775271264997872e-01
1.277333554214352129e-01
1.337567227329321540e-01
1.665987158905622989e-01
1.866411600788729364e-01
2.350383072720535482e-01
1.604809658300673791e-01
1.694956587368057765e-01
1.034637627165445745e-01
1.869182920120067981e-01
1.343174812041651733e-01
2.077343542613740157e-01
1.542666131577293820e-01
1.990403534218355142e-01
1.570907369883073890e-01
1.443579024183764548e-01
1.767227362119374034e-01
1.203903911817395256e-01
1.816233360770383165e-01
1.418116755807465879e-01
2.022962046014827597e-01
2.495714300809861175e-01
1.191598626665075905e-01
1.986373328972420027e-01
1.552613652580124015e-01
1.636919337524342932e-01
1.526276443580377173e-01
1.331953134548632123e-01
1.309677879138583245e-01
1.012652350473081941e-01
1.929931641533547126e-01
1.109803982728491956e-01
1.830611205304005507e-01
1.600758519406008940e-01
9.707745059786215824e-02
1.917011976298322873e-01
1.597715423338247898e-01
1.064359908226099466e-01
1.740852912029133281e-01
6.980606839493858073e-02
1.708384534486167561e-01
1.545947733938981272e-01
1.491038122214941586e-01
2.174189138128860277e-01
2.067305861658407240e-01
1.715012425780774730e-01
1.768797862784011188e-01
9.433858811730763683e-02
1.491794810355455969e-01
1.074306413051273612e-01
1.846169334396734196e-01
1.780694869313008966e-01
1.575549767590796180e-01
7.324237910880590507e-02
2.639201414529679934e-01
2.238945508109336791e-01
1.316815792751080683e-01
1.456183640025906223e-01
2.131390452547719527e-01
2.055017902807427799e-01
1.685982634938066327e-01
2.260714598277445697e-01
1.217864786190830939e-01
9.336024213985785747e-02
1.944387201197751991e-01
1.872877965273314627e-01
1.183152996325445572e-01
1.421848186129531233e-01
1.016130664120517002e-01
1.688584886920059536e-01
1.168143741540015046e-01
2.202828385470941563e-01
2.375260351302628248e-01
1.435571517387765894e-01
2.063972021948966007e-01
1.167721692781732434e-01
1.981615641972546416e-01
1.607851714037473456e-01
9.603658676315718346e-02
1.159954534415600647e-01
1.894958878199003993e-01
1.787801545005776038e-01
1.487160301422854325e-01
2.220200786474111898e-01
1.597615181119184102e-01
1.685625282189365248e-01
1.209397303744680074e-01
1.875502450511613017e-01
1.892252535151031090e-01
1.697822912339061185e-01
1.704619736891328508e-01
1.218453171148529690e-01
1.924867478705878376e-01
5.835040996090327947e-02
9.262674381975254112e-02
1.072312703166612147e-01
2.043637502734944600e-01
1.472438107166298971e-01
1.287843690724449763e-01
1.187731518890571270e-01
1.788195456304417785e-01
2.033602471097960829e-01
1.262728407861263280e-01
1.319257858391041649e-01
1.305376724067054406e-01
1.208968754269100915e-01
1.829385742733173892e-01
1.678410196718933822e-01
1.722523075332932918e-01
9.867849229364841768e-02
1.775448058305954535e-01
1.807513380916372370e-01
1.528015514747787795e-01
1.000531388069331867e-01
2.028396578153148777e-01
1.824177732189241896e-01
1.329242580063955959e-01
1.727481718986744463e-01
1.894342172268759228e-01
1.362157799643700651e-01
1.914533223978967524e-01
1.873540254876137068e-01
2.092900693652355038e-01
2.257910051289328257e-01
1.130537482272069016e-01
1.255940076858795829e-01
1.576040484105474815e-01
1.142573276588509101e-01
1.651395171785462468e-01
1.351907985681234103e-01
1.726263072640253915e-01
1.812726083216471273e-01
1.606920602679201837e-01
1.346488975852542791e-01
1.006007189243458555e-01
1.990675107743490879e-01
1.233432062021999898e-01
2.243457008269504893e-01
1.191888631027860079e-01
2.332509847441001094e-01
2.105287640716917152e-01
1.485879524785783112e-01
1.434297015671037179e-01
1.840902203909750567e-01
1.988319719068793456e-01
2.517487575088804275e-01
1.821911061188025149e-01
2.032164916213351491e-01
2.006961886858541766e-01
1.226405040880301778e-01
5.168546647719482467e-02
1.860850926331794608e-01
1.627938113706962620e-01
1.216489002709026795e-01
1.711318407499229644e-01
1.476883412532027928e-01
1.304254463739686898e-01
1.915293501674678323e-01
1.595885378769237861e-01
1.771800642232327916e-01
1.966177738051831658e-01
1.297458340019234102e-01
1.698284029683690133e-01
1.614543178617135200e-01
1.588495497408549673e-01
1.885148236719109693e-01
1.297606260600089323e-01
8.172439559417979393e-02
1.563081053869379011e-01
1.003418374498843135e-01
1.226745859689245266e-01
1.965171161544981282e-01
1.382496232098806843e-01
1.541366925589605641e-01
1.525949449430179516e-01
9.552346572937767122e-02
1.972692352192783050e-01
1.517669198258337904e-01
1.395239481615441202e-01
1.886334441035123488e-01
1.529833261610986928e-01
1.348729643377991616e-01
1.895790958926273917e-01
8.519124584213141893e-02
1.459151395530568773e-01
2.031964079638761411e-01
6.160618013022085837e-02
1.098919106415383873e-01
1.616684921541035602e-01
1.981371599440205356e-01
1.530450256392312802e-01
1.565099006146530858e-01
1.548114694364729205e-01
2.163054657565479655e-01
1.809147516195380168e-01
1.806786838350316615e-01
1.958542769829488273e-01
2.196067774057662847e-01
1.003488316267115432e-01
1.215002510043537154e-01
1.899758069256611559e-01
1.018491002870401119e-01
1.558151281811020750e-01
2.187164106452778312e-01
1.892721760998902769e-01
1.761996976334562481e-01
1.784708335680353641e-01
1.965026321775276141e-01
9.250877227516005052e-02
1.666462653621029744e-01
2.204332038248987546e-01
1.603832187401471043e-01
1.433803726469302653e-01
1.581784332730857834e-01
1.283506297256109541e-01
8.878272049611619920e-02
2.059590982378396440e-01
7.838873260161297041e-02
1.702141704364539820e-01
1.384315554766612499e-01
1.356799299898590883e-01
1.105263098059168503e-01
1.316469754316709762e-01
1.394910752912653096e-01
1.638220978684339357e-01
1.413764729791507357e-01
1.859558940869599497e-01
1.794329344791998904e-01
1.247887072913584916e-01
1.520566741472441086e-01
1.714969681370005217e-01
1.777869749193945748e-01
1.311755949500631180e-01
2.297776740566825071e-01
1.411047359046927185e-01
4.565666785669911243e-02
1.995371097077615063e-01
1.690544222509202110e-01
2.436928784152778693e-01
2.402900539877540487e-01
1.736327089152850944e-01
1.991632742418827096e-01
1.924848128125728475e-01
1.113230719971158300e-01
1.704508053177199445e-01
1.360894926433252050e-01
1.296657315818862954e-01
1.365836783874191662e-01
1.167202064671513800e-01
1.386021668789079730e-01
1.403351007401709150e-01
8.852886049690231185e-02
2.121389044334074936e-01
1.611655379530017029e-01
1.528559252802002555e-01
1.681008555728311649e-01
8.741145075129354292e-02
1.471815114616952247e-01
1.538909668463268043e-01
1.787481808833816244e-01
1.278557157225370666e-01
1.423957038246816131e-01
2.124007206239521550e-01
1.242698451219220457e-01
2.517429576527443480e-01
1.853071207912924123e-01
1.735970591199591517e-01
1.577477412124886902e-01
2.044245019861414270e-01
1.434273512480313539e-01
1.891377629436840069e-01
1.661234250052558425e-01
1.572277567586631841e-01
7.889647131202844055e-02
1.421439672860054237e-01
1.529996801466426137e-01
1.787932007706694026e-01
8.219573107257922839e-02
9.059273414670340752e-02
1.307421860910642220e-01
1.685623365193734680e-01
6.411502384178008329e-02
1.451145987143624416e-01
2.318865917704493185e-01
1.788831081060927586e-01
1.215129927073901051e-01
1.760270927128166907e-01
1.636359421226176447e-01
1.946191825472135262e-01
1.689791314415964030e-01
1.254364278000510979e-01
1.714550683847404500e-01
2.095394828552704647e-01
1.262762105053157891e-01
1.019808015642685445e-01
1.915883523295771051e-01
1.731736819706927721e-01
1.466104601032144628e-01
1.183253530690016875e-01
1.906249663204617750e-01
7.973275750264630091e-02
1.416931007727058878e-01
1.703137409186843698e-01
6.223687990879827464e-02
1.036501550109550362e-01
1.725228543795907510e-01
2.595261403180460502e-01
1.277337645630546858e-01
9.700260660222626008e-02
1.395818382564895099e-01
2.103146183663228974e-01
2.183227348170557747e-01
1.267431187944583482e-01
1.818299906843767189e-01
1.142288963779359429e-01
1.993094144832552872e-01
1.813732061719487421e-01
1.776423260049237451e-01
1.770098377207300899e-01
1.391725652369942556e-01
1.818891601373832656e-01
1.635965150042071325e-01
1.930317679908774009e-01
1.395648270931368895e-01
1.591218352442830275e-01
1.947850806247305722e-01
1.955095024879555943e-01
1.687017265396347221e-01
1.808478927604325326e-01
1.660174799594720529e-01
1.650622075580460424e-01
9.472073755996318623e-02
1.655111867380060775e-01
2.153130833594668059e-01
1.356949796062993097e-01
1.315016326098725485e-01
7.882082215004757031e-02
1.031892399880712380e-01
1.322314743753218724e-01
2.109825075965558183e-01
1.340960838004922051e-01
1.923523195804392460e-01
1.229986214165335323e-01
1.563157219151318778e-01
1.733509014608906051e-01
1.348780004050759707e-01
1.668205869128594754e-01
1.410432927570445250e-01
1.751574141931155348e-01
1.795911114314990009e-01
1.225024454827010750e-01
1.378383807192277433e-01
1.805997973722762717e-01
1.031633658760451738e-01
1.507233016883449406e-01
2.048514327329543361e-01
2.053865972365009063e-01
8.178509935282687882e-02
2.107280588366111929e-01
1.377582229653870338e-01
1.493674893353587052e-01
1.035069249982378398e-01
1.829558760613826662e-01
1.845579699525638495e-01
1.567161213337231462e-01
1.213903135523733134e-01
1.497173555355519603e-01
1.532135171809939078e-01
1.187555945815365610e-01
1.654573493902586345e-01
1.851790099943033951e-01
1.251782892886828778e-02
1.145987354628827115e-01
9.394546831780214990e-02
8.293810993969817635e-02
2.118350737828308405e-01
1.603485324206200546e-01
1.144418560746531255e-01
1.689205239147958670e-01
2.139209137161582341e-01
2.233956034958543557e-01
1.734563036063290486e-01
1.932351820670111242e-01
2.069754202067269344e-01
1.901739827708974206e-01
1.152664581977800723e-01
1.176549987638468853e-01
1.728561145453048065e-01
1.494374826756177388e-01
1.022866317529166347e-01
1.852050293464997388e-01
1.988245459592682951e-01
1.453879204768318834e-01
1.795108803756086113e-01
1.190545583186018441e-01
1.509622551959208803e-01
1.018937850427324154e-01
2.137030385722082648e-01
1.404274311749532655e-01
1.713415002334245374e-01
1.078557061945952800e-01
1.748382344150570811e-01
1.690505050405856635e-01
2.005552529320880906e-01
1.650428277255086562e-01
1.521036127675594596e-01
2.218473119498938773e-01
1.557510046504765322e-01
1.651769221970975365e-01
2.295553110926645823e-01
2.126646816654419458e-01
1.147691628029872124e-01
1.897859993395706046e-01
1.414645819934239879e-01
2.509409807666967973e-01
2.095807363458064287e-01
1.310224035285230126e-01
1.638165865646177832e-01
7.979035465255072956e-02
1.897340970936106930e-01
1.029595220044385862e-01
1.934397993558407691e-01
1.781441818587152781e-01
9.887835447641847575e-02
1.356752990096142253e-01
1.749808427096090635e-01
1.863162447927022014e-01
1.516022273268358422e-01
1.476510833266233835e-01
1.793860320029140309e-01
1.509740603107758428e-01
1.087915471924288113e-01
1.696817152872470980e-01
1.172389121911256993e-01
1.348767066928444613e-01
1.983859364732524777e-01
1.544154176443553461e-01
2.104673936265294698e-01
2.347869108495764801e-01
7.894236226345995033e-02
1.429076934509995733e-01
1.243244933072907010e-01
1.722239859059631062e-01
1.382852096972425893e-01
1.461056633906759050e-01
1.721205623674421370e-01
1.219098643786327152e-01
1.796411540982980892e-01
1.563069933406592837e-01
1.541957134494068571e-01
1.174547264406587133e-01
1.353285795679522452e-01
1.701939895116183488e-01
1.863621376606375279e-01
1.465332155837688610e-01
1.226274237579824816e-01
1.419432953914553097e-01
1.533297571100366297e-01
1.976749959178428773e-01
1.106657543175166569e-01
1.471891452296990033e-01
1.853283453472411024e-01
9.305149003929485962e-02
1.538166595661727143e-01
1.757059639889515801e-01
1.631308169833907140e-01
2.242535340806583732e-01
1.261380232293381753e-01
1.815133614810270357e-01
1.779922819593265371e-01
1.613689682802406100e-01
1.649778759293867858e-01
1.993035421251686257e-01
2.325180295022720167e-01
1.594406936503571237e-01
1.379476460319356557e-01
1.806858281806524857e-01
1.876366794172845687e-01
1.043227545015923685e-01
1.130033285867535625e-01
2.061211490280191738e-01
2.015912769292647622e-01
1.831883220972892745e-01
1.251665251661404354e-01
1.627673861169701974e-01
1.477105053612446373e-01
1.387381670285622315e-01
2.331032812856670966e-01
1.488148880866252410e-01
1.085342563929277970e-01
1.544931018578011572e-01
1.764479633667627168e-01
2.408066504230499394e-01
2.019171803367335871e-01
1.756406968065362395e-01
1.386396064954403262e-01
1.537034275087078294e-01
2.063928516666992119e-01
1.056355822251156401e-01
1.229328775285382369e-01
1.571059004027585138e-01
1.874504733824865210e-01
2.063941343224569291e-01
1.339985975168568322e-01
9.956897450571439157e-02
2.131704192434840384e-01
8.829737225069100859e-02
5.905371606182413524e-02
1.874133307857614450e-01
1.326855503503883427e-01
8.225720022127186448e-02
1.596851974720864265e-01
1.310894483062635674e-01
2.119969948615773314e-01
7.536489205453152096e-02
1.288251126135213642e-01
2.592359361698009512e-01
2.347886900619887141e-01
1.698672059584372118e-01
1.286314094136828956e-01
1.114395209912173584e-01
1.202199758068190072e-01
1.754544840206754552e-01
1.068433183962985977e-01
1.445999942942456651e-01
2.096498233711435177e-01
1.909547468769656198e-01
1.782927529233160613e-01
1.990149628159307293e-01
1.880163254211915103e-01
1.128902938884780577e-01
1.207060408761064935e-01
1.242662938876145651e-01
1.447699045388494143e-01
7.803661906182440822e-02
1.875578885001420726e-01
2.685300425565466387e-02
1.379061172590166917e-01
2.004857516363943715e-01
1.670075691062050949e-01
2.525608758748415505e-01
1.401466227083905669e-01
1.865477685968545962e-01
1.633333714300511386e-01
1.876535826936929219e-01
1.160837069017409406e-01
9.830576323888981505e-02
1.738152448379811088e-01
1.761110331413125452e-01
1.716510062521618973e-01
1.148589197145022667e-01
1.185490101192309687e-01
1.164676076454003173e-01
1.732104058820683468e-01
1.600280784972124004e-01
1.714497812464938487e-01
2.058129723155042723e-01
2.298630750277333157e-01
2.123604813426898108e-01
1.452126887046543136e-01
2.229577506666559628e-01
1.793623223064822747e-01
1.386680277472586431e-01
1.313130906970689793e-01
1.809278057252228511e-01
1.078190817922648759e-01
1.577679755907796799e-01
8.796890622387142089e-02
1.407818146476685905e-01
1.072837742306744918e-01
8.825664507316266505e-02
2.157912365534452870e-01
1.308392157957082302e-01
1.787959203735329516e-01
1.146305193814134982e-01
2.577414497960361373e-01
1.224363914567146994e-01
1.776068359352233617e-01
1.895025945733274098e-01
1.473286325104185279e-01
1.316201490340754843e-01
1.119298312641288096e-01
1.478879365487512643e-01
2.080993587578433557e-01
1.125172721573432649e-01
1.316992523333819776e-01
1.511041099272170396e-01
1.956321111075060015e-01
1.818109088788520400e-01
2.135735941782096192e-01
1.409680624524763115e-01
1.869540776375360203e-01
1.765546663950440520e-01
2.038756265287330616e-01
2.583074390188090930e-01
1.037600900289666062e-01
1.596754799192783847e-01
1.759948197185736418e-01
1.802491000106756780e-01
1.557765453092196384e-01
1.005335954094142142e-01
1.677338868752029921e-01
1.663408921839634180e-01
1.790557403171367523e-01
1.651239023211177881e-01
1.915958114749382601e-01
1.625631237728577538e-01
1.939928901648006465e-01
2.033706058241795400e-01
1.501329934074048245e-01
1.286465191165774291e-01
2.464742507078869216e-01
1.252196861473663936e-01
1.009249755190176623e-01
9.223942313286830064e-02
1.764096791529741748e-01
1.133738796030386020e-01
1.710405064493499827e-01
1.417107629766063970e-01
1.404279520399636660e-01
1.619549706896687979e-01
2.287420608582924342e-01
1.057000088995280473e-01
1.894467840507407241e-01
1.192618463675755441e-01
1.530430262547707865e-01
1.406658190169130518e-01
2.244957329356240538e-01
1.573141690436648255e-01
1.483078845556378145e-01
1.039577744800963266e-01
1.428125890890905580e-01
1.330677464785842701e-01
1.393574755548308008e-01
1.086828486085466283e-01
1.579933335949874340e-01
1.157769159949010307e-01
9.873554976481273282e-02
1.703338899100230452e-01
1.264187341571474665e-01
1.933622981521741085e-02
